 300000000000000 
  23000000000000000 
 650000000000000 
 65000000000000000 
 300 
 35000000000000000
400000000000 
 3000000000000 
  230000000000000 
 3400000000000000 
4000000000000000000 
  2220000000000000 
4000000000000000? 
  2721000000000000 
  5000 000000000000 
40000000000000 
  23000000000000 
 350000000000000
 34000000000000 
4000000000000 180000000000000
  51000 000000000000 
 3500000000000
  5600 000000000000 
 34 
 65000000000000 
 30600000000000 
4 180000000000000
  51 000000000000 
   2220000000000000 
  510 000000000000 