([\0-\9]){2,2}(((0((((1|3)|5)|7)|8)|1(0|2))(0[\1-\9]|((1|2)[\0-\8]|3(0|1)))|((0(((((((1|3)|4)|5)|6)|7)|8)|9)|1((0|1)|2))(0[\1-\9]|((1|2)[\0-\9]|"30"))|"02"(0[\1-\9]|(1[\0-\9]|2[\0-\8]))))|(((((0|2)|4)|6)|8)((0|4)|8)|((((1|3)|5)|7)|9)(2|6))"0229")
(([\1-\9]){2,2}((0((((1|3)|5)|7)|8)|1(0|2))(0[\1-\9]|((1|2)[\0-\9]|3(0|1)))|((0(((((((1|3)|4)|5)|6)|7)|8)|9)|1((0|1)|2))(0[\1-\9]|((1|2)[\0-\9]|"30"))|"02"(0[\1-\9]|(1[\0-\9]|2[\0-\8]))))|(((((0|2)|4)|6)|8)((0|4)|8)|((((1|3)|5)|7)|9)(2|6))"0229")
(([\0-\8]){2,2}((0((((1|3)|5)|7)|8)|1(0|2))(0[\1-\9]|((1|2)[\0-\9]|3(0|1)))|((0(((((((1|3)|4)|5)|6)|7)|8)|9)|1((0|1)|2))(0[\1-\9]|((1|2)[\0-\9]|"30"))|"02"(0[\1-\9]|(1[\0-\9]|2[\0-\8]))))|(((((0|2)|4)|6)|8)((0|4)|8)|((((1|3)|5)|7)|9)(2|6)))"0229"
(([\0-\9]){2,2}((0((((1|3)|5)|7)|8)|1(0|2))(0[\1-\8]|((1|2)[\0-\9]|3(0|1)))|((0(((((((1|3)|4)|5)|6)|7)|8)|9)|1((0|1)|2))(0[\1-\9]|((1|2)[\0-\9]|"30"))|"02"(0[\1-\9]|(1[\0-\9]|2[\0-\8]))))|(((((0|2)|4)|6)|8)((0|4)|8)|((((1|3)|5)|7)|9)(2|6)))"0229"
(([\0-\8]){2,2}((0((((1|3)|5)|7)|8)|1(0|2))(0[\1-\9]|((1|2)[\0-\9]|3(0|1)))|((0(((((((1|3)|4)|5)|6)|7)|8)|9)|1((0|1)|2))(0[\1-\9]|((1|2)[\0-\9]|"30"))|"02"(0[\1-\9]|(1[\0-\9]|2[\0-\8]))))|(((((0|2)|4)|6)|8)((0|4)|8)|((((1|3)|5)|7)|9)(2|6))"0229")
((0|9)){2,2}(((0((((1|3)|5)|7)|8)|1(0|2))(0[\1-\9]|((1|2)[\0-\9]|3(0|1)))|((0(((((((1|3)|4)|5)|6)|7)|8)|9)|1((0|1)|2))(0[\1-\9]|((1|2)[\0-\9]|"30"))|"02"(0[\1-\9]|(1[\0-\9]|2[\0-\8]))))|(((((0|2)|4)|6)|8)((0|4)|8)|((((1|3)|5)|7)|9)(2|6))"0229")
(([\1-\9]){2,2}((0((((1|3)|5)|7)|8)|1(0|2))(0[\1-\9]|((1|2)[\0-\9]|3(0|1)))|((0(((((((1|3)|4)|5)|6)|7)|8)|9)|1((0|1)|2))(0[\1-\9]|((1|2)[\0-\9]|"30"))|"02"(0[\1-\9]|(1[\0-\9]|2[\0-\8]))))|(((((0|2)|4)|6)|8)((0|4)|8)|((((1|3)|5)|7)|9)(2|6)))"0229"
([\0-\9]){2,2}(((0((((1|3)|5)|7)|8)|1(0|2))(0[\1-\9]|((1|2)[\0-\9]|3(0|1)))|((0(((((((1|3)|4)|5)|6)|7)|8)|9)|1((0|1)|2))(0[\1-\9]|((1|2)[\0-\8]|"30"))|"02"(0[\1-\9]|(1[\0-\9]|2[\0-\8]))))|(((((0|2)|4)|6)|8)((0|4)|8)|((((1|3)|5)|7)|9)(2|6))"02")"29"
((.&~([\0-\9]))){2,2}(((0((((1|3)|5)|7)|8)|1(0|2))(0[\1-\9]|((1|2)[\0-\9]|3(0|1)))|((0(((((((1|3)|4)|5)|6)|7)|8)|9)|1((0|1)|2))(0[\1-\9]|((1|2)[\0-\9]|"30"))|"02"(0[\1-\9]|(1[\0-\9]|2[\0-\8]))))|(((((0|2)|4)|6)|8)((0|4)|8)|((((1|3)|5)|7)|9)(2|6))"0229")
(([\0-\9]){2,2}((0((((1|3)|5)|7)|8)|1(0|2))(0[\0-\9]|((1|2)[\0-\9]|3(0|1)))|((0(((((((1|3)|4)|5)|6)|7)|8)|9)|1((0|1)|2))(0[\1-\9]|((1|2)[\0-\9]|"30"))|"02"(0[\1-\9]|(1[\0-\9]|2[\0-\8]))))|(((((0|2)|4)|6)|8)((0|4)|8)|((((1|3)|5)|7)|9)(2|6))"0229")
(([\0-\9]){2,2}((0((((1|3)|5)|7)|8)|1(0|2))(0[\2-\9]|((1|2)[\0-\9]|3(0|1)))|((0(((((((1|3)|4)|5)|6)|7)|8)|9)|1((0|1)|2))(0[\1-\9]|((1|2)[\0-\9]|"30"))|"02"(0[\1-\9]|(1[\0-\9]|2[\0-\8]))))|(((((0|2)|4)|6)|8)((0|4)|8)|((((1|3)|5)|7)|9)(2|6))"0229")
(([\0-\9]){2,2}((0((((1|3)|5)|7)|8)|1(0|2))(0[\1-\8]|((1|2)[\0-\9]|3(0|1)))|((0(((((((1|3)|4)|5)|6)|7)|8)|9)|1((0|1)|2))(0[\1-\9]|((1|2)[\0-\9]|"30"))|"02"(0[\1-\9]|(1[\0-\9]|2[\0-\8]))))|(((((0|2)|4)|6)|8)((0|4)|8)|((((1|3)|5)|7)|9)(2|6))"0229")
(([\0-\9]){2,2}((0((((1|3)|5)|7)|8)|1(0|2))(0[\1-\9]|((1|2)[\1-\9]|3(0|1)))|((0(((((((1|3)|4)|5)|6)|7)|8)|9)|1((0|1)|2))(0[\1-\9]|((1|2)[\0-\9]|"30"))|"02"(0[\1-\9]|(1[\0-\9]|2[\0-\8]))))|(((((0|2)|4)|6)|8)((0|4)|8)|((((1|3)|5)|7)|9)(2|6))"0229")
(([\0-\9]){2,2}((0((((1|3)|5)|7)|8)|1(0|2))(0[\1-\9]|((1|2)[\0-\8]|3(0|1)))|((0(((((((1|3)|4)|5)|6)|7)|8)|9)|1((0|1)|2))(0[\1-\9]|((1|2)[\0-\9]|"30"))|"02"(0[\1-\9]|(1[\0-\9]|2[\0-\8]))))|(((((0|2)|4)|6)|8)((0|4)|8)|((((1|3)|5)|7)|9)(2|6))"0229")
(([\0-\9]){2,2}((0((((1|3)|5)|7)|8)|1(0|2))(0[\1-\9]|((1|2)[\0-\9]|3(0|1)))|((0(((((((1|3)|4)|5)|6)|7)|8)|9)|1((0|1)|2))(0[\0-\9]|((1|2)[\0-\9]|"30"))|"02"(0[\1-\9]|(1[\0-\9]|2[\0-\8]))))|(((((0|2)|4)|6)|8)((0|4)|8)|((((1|3)|5)|7)|9)(2|6))"0229")
(([\0-\9]){2,2}((0((((1|3)|5)|7)|8)|1(0|2))(0[\1-\9]|((1|2)[\0-\9]|3(0|1)))|((0(((((((1|3)|4)|5)|6)|7)|8)|9)|1((0|1)|2))(0[\2-\9]|((1|2)[\0-\9]|"30"))|"02"(0[\1-\9]|(1[\0-\9]|2[\0-\8]))))|(((((0|2)|4)|6)|8)((0|4)|8)|((((1|3)|5)|7)|9)(2|6))"0229")
(([\0-\9]){2,2}((0((((1|3)|5)|7)|8)|1(0|2))(0[\1-\9]|((1|2)[\0-\9]|3(0|1)))|((0(((((((1|3)|4)|5)|6)|7)|8)|9)|1((0|1)|2))(0[\1-\8]|((1|2)[\0-\9]|"30"))|"02"(0[\1-\9]|(1[\0-\9]|2[\0-\8]))))|(((((0|2)|4)|6)|8)((0|4)|8)|((((1|3)|5)|7)|9)(2|6))"0229")
(([\0-\9]){2,2}((0((((1|3)|5)|7)|8)|1(0|2))(0[\1-\9]|((1|2)[\0-\9]|3(0|1)))|((0(((((((1|3)|4)|5)|6)|7)|8)|9)|1((0|1)|2))(0[\1-\9]|((1|2)[\1-\9]|"30"))|"02"(0[\1-\9]|(1[\0-\9]|2[\0-\8]))))|(((((0|2)|4)|6)|8)((0|4)|8)|((((1|3)|5)|7)|9)(2|6))"0229")
(([\0-\9]){2,2}((0((((1|3)|5)|7)|8)|1(0|2))(0[\1-\9]|((1|2)[\0-\9]|3(0|1)))|((0(((((((1|3)|4)|5)|6)|7)|8)|9)|1((0|1)|2))(0[\1-\9]|((1|2)[\0-\8]|"30"))|"02"(0[\1-\9]|(1[\0-\9]|2[\0-\8]))))|(((((0|2)|4)|6)|8)((0|4)|8)|((((1|3)|5)|7)|9)(2|6))"0229")
(([\0-\9]){2,2}((0((((1|3)|5)|7)|8)|1(0|2))(0[\1-\9]|((1|2)[\0-\9]|3(0|1)))|((0(((((((1|3)|4)|5)|6)|7)|8)|9)|1((0|1)|2))(0[\1-\9]|((1|2)[\0-\9]|"30"))|"02"(0[\0-\9]|(1[\0-\9]|2[\0-\8]))))|(((((0|2)|4)|6)|8)((0|4)|8)|((((1|3)|5)|7)|9)(2|6))"0229")
(([\0-\9]){2,2}((0((((1|3)|5)|7)|8)|1(0|2))(0[\1-\9]|((1|2)[\0-\9]|3(0|1)))|((0(((((((1|3)|4)|5)|6)|7)|8)|9)|1((0|1)|2))(0[\1-\9]|((1|2)[\0-\9]|"30"))|"02"(0[\2-\9]|(1[\0-\9]|2[\0-\8]))))|(((((0|2)|4)|6)|8)((0|4)|8)|((((1|3)|5)|7)|9)(2|6))"0229")
(([\0-\9]){2,2}((0((((1|3)|5)|7)|8)|1(0|2))(0[\1-\9]|((1|2)[\0-\9]|3(0|1)))|((0(((((((1|3)|4)|5)|6)|7)|8)|9)|1((0|1)|2))(0[\1-\9]|((1|2)[\0-\9]|"30"))|"02"(0[\1-\8]|(1[\0-\9]|2[\0-\8]))))|(((((0|2)|4)|6)|8)((0|4)|8)|((((1|3)|5)|7)|9)(2|6))"0229")
(([\0-\9]){2,2}((0((((1|3)|5)|7)|8)|1(0|2))(0[\1-\9]|((1|2)[\0-\9]|3(0|1)))|((0(((((((1|3)|4)|5)|6)|7)|8)|9)|1((0|1)|2))(0[\1-\9]|((1|2)[\0-\9]|"30"))|"02"(0[\1-\9]|(1[\1-\9]|2[\0-\8]))))|(((((0|2)|4)|6)|8)((0|4)|8)|((((1|3)|5)|7)|9)(2|6))"0229")
(([\0-\9]){2,2}((0((((1|3)|5)|7)|8)|1(0|2))(0[\1-\9]|((1|2)[\0-\9]|3(0|1)))|((0(((((((1|3)|4)|5)|6)|7)|8)|9)|1((0|1)|2))(0[\1-\9]|((1|2)[\0-\9]|"30"))|"02"(0[\1-\9]|(1[\0-\8]|2[\0-\8]))))|(((((0|2)|4)|6)|8)((0|4)|8)|((((1|3)|5)|7)|9)(2|6))"0229")
(([\0-\9]){2,2}((0((((1|3)|5)|7)|8)|1(0|2))(0[\1-\9]|((1|2)[\0-\9]|3(0|1)))|((0(((((((1|3)|4)|5)|6)|7)|8)|9)|1((0|1)|2))(0[\1-\9]|((1|2)[\0-\9]|"30"))|"02"(0[\1-\9]|(1[\0-\9]|2[\1-\8]))))|(((((0|2)|4)|6)|8)((0|4)|8)|((((1|3)|5)|7)|9)(2|6))"0229")
(([\0-\9]){2,2}((0((((1|3)|5)|7)|8)|1(0|2))(0[\1-\9]|((1|2)[\0-\9]|3(0|1)))|((0(((((((1|3)|4)|5)|6)|7)|8)|9)|1((0|1)|2))(0[\1-\9]|((1|2)[\0-\9]|"30"))|"02"(0[\1-\9]|(1[\0-\9]|2[\0-\7]))))|(((((0|2)|4)|6)|8)((0|4)|8)|((((1|3)|5)|7)|9)(2|6))"0229")
(([\0-\9]){2,2}((0((((1|3)|5)|7)|8)|1(0|2))(0[\1-\9]|((1|2)[\0-\9]|3(0|1)))|((0(((((((1|3)|4)|5)|6)|7)|8)|9)|1((0|1)|2))(0[\1-\9]|((1|2)[\0-\9]|"30"))|"02"(0[\1-\9]|(1[\0-\9]|2[\0-\9]))))|(((((0|2)|4)|6)|8)((0|4)|8)|((((1|3)|5)|7)|9)(2|6))"0229")
((~([\0-\9])){2,2}((0((((1|3)|5)|7)|8)|1(0|2))(0[\1-\9]|((1|2)[\0-\9]|3(0|1)))|((0(((((((1|3)|4)|5)|6)|7)|8)|9)|1((0|1)|2))(0[\1-\9]|((1|2)[\0-\9]|"30"))|"02"(0[\1-\9]|(1[\0-\9]|2[\0-\8]))))|(((((0|2)|4)|6)|8)((0|4)|8)|((((1|3)|5)|7)|9)(2|6))"0229")
(([\0-\9]){2,2}((~(0)((((1|3)|5)|7)|8)|1(0|2))(0[\1-\9]|((1|2)[\0-\9]|3(0|1)))|((0(((((((1|3)|4)|5)|6)|7)|8)|9)|1((0|1)|2))(0[\1-\9]|((1|2)[\0-\9]|"30"))|"02"(0[\1-\9]|(1[\0-\9]|2[\0-\8]))))|(((((0|2)|4)|6)|8)((0|4)|8)|((((1|3)|5)|7)|9)(2|6))"0229")
(([\0-\9]){2,2}((0((((~(1)|3)|5)|7)|8)|1(0|2))(0[\1-\9]|((1|2)[\0-\9]|3(0|1)))|((0(((((((1|3)|4)|5)|6)|7)|8)|9)|1((0|1)|2))(0[\1-\9]|((1|2)[\0-\9]|"30"))|"02"(0[\1-\9]|(1[\0-\9]|2[\0-\8]))))|(((((0|2)|4)|6)|8)((0|4)|8)|((((1|3)|5)|7)|9)(2|6))"0229")
(([\0-\9]){2,2}((0((((1|~(3))|5)|7)|8)|1(0|2))(0[\1-\9]|((1|2)[\0-\9]|3(0|1)))|((0(((((((1|3)|4)|5)|6)|7)|8)|9)|1((0|1)|2))(0[\1-\9]|((1|2)[\0-\9]|"30"))|"02"(0[\1-\9]|(1[\0-\9]|2[\0-\8]))))|(((((0|2)|4)|6)|8)((0|4)|8)|((((1|3)|5)|7)|9)(2|6))"0229")
(([\0-\9]){2,2}((0((((1|3)|~(5))|7)|8)|1(0|2))(0[\1-\9]|((1|2)[\0-\9]|3(0|1)))|((0(((((((1|3)|4)|5)|6)|7)|8)|9)|1((0|1)|2))(0[\1-\9]|((1|2)[\0-\9]|"30"))|"02"(0[\1-\9]|(1[\0-\9]|2[\0-\8]))))|(((((0|2)|4)|6)|8)((0|4)|8)|((((1|3)|5)|7)|9)(2|6))"0229")
(([\0-\9]){2,2}((0((((1|3)|5)|~(7))|8)|1(0|2))(0[\1-\9]|((1|2)[\0-\9]|3(0|1)))|((0(((((((1|3)|4)|5)|6)|7)|8)|9)|1((0|1)|2))(0[\1-\9]|((1|2)[\0-\9]|"30"))|"02"(0[\1-\9]|(1[\0-\9]|2[\0-\8]))))|(((((0|2)|4)|6)|8)((0|4)|8)|((((1|3)|5)|7)|9)(2|6))"0229")
(([\0-\9]){2,2}((0((((1|3)|5)|7)|~(8))|1(0|2))(0[\1-\9]|((1|2)[\0-\9]|3(0|1)))|((0(((((((1|3)|4)|5)|6)|7)|8)|9)|1((0|1)|2))(0[\1-\9]|((1|2)[\0-\9]|"30"))|"02"(0[\1-\9]|(1[\0-\9]|2[\0-\8]))))|(((((0|2)|4)|6)|8)((0|4)|8)|((((1|3)|5)|7)|9)(2|6))"0229")
(([\0-\9]){2,2}((0((((1|3)|5)|7)|8)|~(1)(0|2))(0[\1-\9]|((1|2)[\0-\9]|3(0|1)))|((0(((((((1|3)|4)|5)|6)|7)|8)|9)|1((0|1)|2))(0[\1-\9]|((1|2)[\0-\9]|"30"))|"02"(0[\1-\9]|(1[\0-\9]|2[\0-\8]))))|(((((0|2)|4)|6)|8)((0|4)|8)|((((1|3)|5)|7)|9)(2|6))"0229")
(([\0-\9]){2,2}((0((((1|3)|5)|7)|8)|1(~(0)|2))(0[\1-\9]|((1|2)[\0-\9]|3(0|1)))|((0(((((((1|3)|4)|5)|6)|7)|8)|9)|1((0|1)|2))(0[\1-\9]|((1|2)[\0-\9]|"30"))|"02"(0[\1-\9]|(1[\0-\9]|2[\0-\8]))))|(((((0|2)|4)|6)|8)((0|4)|8)|((((1|3)|5)|7)|9)(2|6))"0229")
(([\0-\9]){2,2}((0((((1|3)|5)|7)|8)|1(0|~(2)))(0[\1-\9]|((1|2)[\0-\9]|3(0|1)))|((0(((((((1|3)|4)|5)|6)|7)|8)|9)|1((0|1)|2))(0[\1-\9]|((1|2)[\0-\9]|"30"))|"02"(0[\1-\9]|(1[\0-\9]|2[\0-\8]))))|(((((0|2)|4)|6)|8)((0|4)|8)|((((1|3)|5)|7)|9)(2|6))"0229")
(([\0-\9]){2,2}((0((((1|3)|5)|7)|8)|1(0|2))(~(0)[\1-\9]|((1|2)[\0-\9]|3(0|1)))|((0(((((((1|3)|4)|5)|6)|7)|8)|9)|1((0|1)|2))(0[\1-\9]|((1|2)[\0-\9]|"30"))|"02"(0[\1-\9]|(1[\0-\9]|2[\0-\8]))))|(((((0|2)|4)|6)|8)((0|4)|8)|((((1|3)|5)|7)|9)(2|6))"0229")
(([\0-\9]){2,2}((0((((1|3)|5)|7)|8)|1(0|2))(0~([\1-\9])|((1|2)[\0-\9]|3(0|1)))|((0(((((((1|3)|4)|5)|6)|7)|8)|9)|1((0|1)|2))(0[\1-\9]|((1|2)[\0-\9]|"30"))|"02"(0[\1-\9]|(1[\0-\9]|2[\0-\8]))))|(((((0|2)|4)|6)|8)((0|4)|8)|((((1|3)|5)|7)|9)(2|6))"0229")
(([\0-\9]){2,2}((0((((1|3)|5)|7)|8)|1(0|2))(0[\1-\9]|((~(1)|2)[\0-\9]|3(0|1)))|((0(((((((1|3)|4)|5)|6)|7)|8)|9)|1((0|1)|2))(0[\1-\9]|((1|2)[\0-\9]|"30"))|"02"(0[\1-\9]|(1[\0-\9]|2[\0-\8]))))|(((((0|2)|4)|6)|8)((0|4)|8)|((((1|3)|5)|7)|9)(2|6))"0229")
(([\0-\9]){2,2}((0((((1|3)|5)|7)|8)|1(0|2))(0[\1-\9]|((1|~(2))[\0-\9]|3(0|1)))|((0(((((((1|3)|4)|5)|6)|7)|8)|9)|1((0|1)|2))(0[\1-\9]|((1|2)[\0-\9]|"30"))|"02"(0[\1-\9]|(1[\0-\9]|2[\0-\8]))))|(((((0|2)|4)|6)|8)((0|4)|8)|((((1|3)|5)|7)|9)(2|6))"0229")
(([\0-\9]){2,2}((0((((1|3)|5)|7)|8)|1(0|2))(0[\1-\9]|((1|2)~([\0-\9])|3(0|1)))|((0(((((((1|3)|4)|5)|6)|7)|8)|9)|1((0|1)|2))(0[\1-\9]|((1|2)[\0-\9]|"30"))|"02"(0[\1-\9]|(1[\0-\9]|2[\0-\8]))))|(((((0|2)|4)|6)|8)((0|4)|8)|((((1|3)|5)|7)|9)(2|6))"0229")
(([\0-\9]){2,2}((0((((1|3)|5)|7)|8)|1(0|2))(0[\1-\9]|((1|2)[\0-\9]|~(3)(0|1)))|((0(((((((1|3)|4)|5)|6)|7)|8)|9)|1((0|1)|2))(0[\1-\9]|((1|2)[\0-\9]|"30"))|"02"(0[\1-\9]|(1[\0-\9]|2[\0-\8]))))|(((((0|2)|4)|6)|8)((0|4)|8)|((((1|3)|5)|7)|9)(2|6))"0229")
(([\0-\9]){2,2}((0((((1|3)|5)|7)|8)|1(0|2))(0[\1-\9]|((1|2)[\0-\9]|3(~(0)|1)))|((0(((((((1|3)|4)|5)|6)|7)|8)|9)|1((0|1)|2))(0[\1-\9]|((1|2)[\0-\9]|"30"))|"02"(0[\1-\9]|(1[\0-\9]|2[\0-\8]))))|(((((0|2)|4)|6)|8)((0|4)|8)|((((1|3)|5)|7)|9)(2|6))"0229")
(([\0-\9]){2,2}((0((((1|3)|5)|7)|8)|1(0|2))(0[\1-\9]|((1|2)[\0-\9]|3(0|~(1))))|((0(((((((1|3)|4)|5)|6)|7)|8)|9)|1((0|1)|2))(0[\1-\9]|((1|2)[\0-\9]|"30"))|"02"(0[\1-\9]|(1[\0-\9]|2[\0-\8]))))|(((((0|2)|4)|6)|8)((0|4)|8)|((((1|3)|5)|7)|9)(2|6))"0229")
(([\0-\9]){2,2}((0((((1|3)|5)|7)|8)|1(0|2))(0[\1-\9]|((1|2)[\0-\9]|3(0|1)))|((~(0)(((((((1|3)|4)|5)|6)|7)|8)|9)|1((0|1)|2))(0[\1-\9]|((1|2)[\0-\9]|"30"))|"02"(0[\1-\9]|(1[\0-\9]|2[\0-\8]))))|(((((0|2)|4)|6)|8)((0|4)|8)|((((1|3)|5)|7)|9)(2|6))"0229")
(([\0-\9]){2,2}((0((((1|3)|5)|7)|8)|1(0|2))(0[\1-\9]|((1|2)[\0-\9]|3(0|1)))|((0(((((((~(1)|3)|4)|5)|6)|7)|8)|9)|1((0|1)|2))(0[\1-\9]|((1|2)[\0-\9]|"30"))|"02"(0[\1-\9]|(1[\0-\9]|2[\0-\8]))))|(((((0|2)|4)|6)|8)((0|4)|8)|((((1|3)|5)|7)|9)(2|6))"0229")
(([\0-\9]){2,2}((0((((1|3)|5)|7)|8)|1(0|2))(0[\1-\9]|((1|2)[\0-\9]|3(0|1)))|((0(((((((1|~(3))|4)|5)|6)|7)|8)|9)|1((0|1)|2))(0[\1-\9]|((1|2)[\0-\9]|"30"))|"02"(0[\1-\9]|(1[\0-\9]|2[\0-\8]))))|(((((0|2)|4)|6)|8)((0|4)|8)|((((1|3)|5)|7)|9)(2|6))"0229")
(([\0-\9]){2,2}((0((((1|3)|5)|7)|8)|1(0|2))(0[\1-\9]|((1|2)[\0-\9]|3(0|1)))|((0(((((((1|3)|~(4))|5)|6)|7)|8)|9)|1((0|1)|2))(0[\1-\9]|((1|2)[\0-\9]|"30"))|"02"(0[\1-\9]|(1[\0-\9]|2[\0-\8]))))|(((((0|2)|4)|6)|8)((0|4)|8)|((((1|3)|5)|7)|9)(2|6))"0229")
(([\0-\9]){2,2}((0((((1|3)|5)|7)|8)|1(0|2))(0[\1-\9]|((1|2)[\0-\9]|3(0|1)))|((0(((((((1|3)|4)|~(5))|6)|7)|8)|9)|1((0|1)|2))(0[\1-\9]|((1|2)[\0-\9]|"30"))|"02"(0[\1-\9]|(1[\0-\9]|2[\0-\8]))))|(((((0|2)|4)|6)|8)((0|4)|8)|((((1|3)|5)|7)|9)(2|6))"0229")
(([\0-\9]){2,2}((0((((1|3)|5)|7)|8)|1(0|2))(0[\1-\9]|((1|2)[\0-\9]|3(0|1)))|((0(((((((1|3)|4)|5)|~(6))|7)|8)|9)|1((0|1)|2))(0[\1-\9]|((1|2)[\0-\9]|"30"))|"02"(0[\1-\9]|(1[\0-\9]|2[\0-\8]))))|(((((0|2)|4)|6)|8)((0|4)|8)|((((1|3)|5)|7)|9)(2|6))"0229")
(([\0-\9]){2,2}((0((((1|3)|5)|7)|8)|1(0|2))(0[\1-\9]|((1|2)[\0-\9]|3(0|1)))|((0(((((((1|3)|4)|5)|6)|~(7))|8)|9)|1((0|1)|2))(0[\1-\9]|((1|2)[\0-\9]|"30"))|"02"(0[\1-\9]|(1[\0-\9]|2[\0-\8]))))|(((((0|2)|4)|6)|8)((0|4)|8)|((((1|3)|5)|7)|9)(2|6))"0229")
(([\0-\9]){2,2}((0((((1|3)|5)|7)|8)|1(0|2))(0[\1-\9]|((1|2)[\0-\9]|3(0|1)))|((0(((((((1|3)|4)|5)|6)|7)|~(8))|9)|1((0|1)|2))(0[\1-\9]|((1|2)[\0-\9]|"30"))|"02"(0[\1-\9]|(1[\0-\9]|2[\0-\8]))))|(((((0|2)|4)|6)|8)((0|4)|8)|((((1|3)|5)|7)|9)(2|6))"0229")
(([\0-\9]){2,2}((0((((1|3)|5)|7)|8)|1(0|2))(0[\1-\9]|((1|2)[\0-\9]|3(0|1)))|((0(((((((1|3)|4)|5)|6)|7)|8)|~(9))|1((0|1)|2))(0[\1-\9]|((1|2)[\0-\9]|"30"))|"02"(0[\1-\9]|(1[\0-\9]|2[\0-\8]))))|(((((0|2)|4)|6)|8)((0|4)|8)|((((1|3)|5)|7)|9)(2|6))"0229")
(([\0-\9]){2,2}((0((((1|3)|5)|7)|8)|1(0|2))(0[\1-\9]|((1|2)[\0-\9]|3(0|1)))|((0(((((((1|3)|4)|5)|6)|7)|8)|9)|~(1)((0|1)|2))(0[\1-\9]|((1|2)[\0-\9]|"30"))|"02"(0[\1-\9]|(1[\0-\9]|2[\0-\8]))))|(((((0|2)|4)|6)|8)((0|4)|8)|((((1|3)|5)|7)|9)(2|6))"0229")
(([\0-\9]){2,2}((0((((1|3)|5)|7)|8)|1(0|2))(0[\1-\9]|((1|2)[\0-\9]|3(0|1)))|((0(((((((1|3)|4)|5)|6)|7)|8)|9)|1((~(0)|1)|2))(0[\1-\9]|((1|2)[\0-\9]|"30"))|"02"(0[\1-\9]|(1[\0-\9]|2[\0-\8]))))|(((((0|2)|4)|6)|8)((0|4)|8)|((((1|3)|5)|7)|9)(2|6))"0229")
(([\0-\9]){2,2}((0((((1|3)|5)|7)|8)|1(0|2))(0[\1-\9]|((1|2)[\0-\9]|3(0|1)))|((0(((((((1|3)|4)|5)|6)|7)|8)|9)|1((0|~(1))|2))(0[\1-\9]|((1|2)[\0-\9]|"30"))|"02"(0[\1-\9]|(1[\0-\9]|2[\0-\8]))))|(((((0|2)|4)|6)|8)((0|4)|8)|((((1|3)|5)|7)|9)(2|6))"0229")
(([\0-\9]){2,2}((0((((1|3)|5)|7)|8)|1(0|2))(0[\1-\9]|((1|2)[\0-\9]|3(0|1)))|((0(((((((1|3)|4)|5)|6)|7)|8)|9)|1((0|1)|~(2)))(0[\1-\9]|((1|2)[\0-\9]|"30"))|"02"(0[\1-\9]|(1[\0-\9]|2[\0-\8]))))|(((((0|2)|4)|6)|8)((0|4)|8)|((((1|3)|5)|7)|9)(2|6))"0229")
(([\0-\9]){2,2}((0((((1|3)|5)|7)|8)|1(0|2))(0[\1-\9]|((1|2)[\0-\9]|3(0|1)))|((0(((((((1|3)|4)|5)|6)|7)|8)|9)|1((0|1)|2))(~(0)[\1-\9]|((1|2)[\0-\9]|"30"))|"02"(0[\1-\9]|(1[\0-\9]|2[\0-\8]))))|(((((0|2)|4)|6)|8)((0|4)|8)|((((1|3)|5)|7)|9)(2|6))"0229")
(([\0-\9]){2,2}((0((((1|3)|5)|7)|8)|1(0|2))(0[\1-\9]|((1|2)[\0-\9]|3(0|1)))|((0(((((((1|3)|4)|5)|6)|7)|8)|9)|1((0|1)|2))(0~([\1-\9])|((1|2)[\0-\9]|"30"))|"02"(0[\1-\9]|(1[\0-\9]|2[\0-\8]))))|(((((0|2)|4)|6)|8)((0|4)|8)|((((1|3)|5)|7)|9)(2|6))"0229")
(([\0-\9]){2,2}((0((((1|3)|5)|7)|8)|1(0|2))(0[\1-\9]|((1|2)[\0-\9]|3(0|1)))|((0(((((((1|3)|4)|5)|6)|7)|8)|9)|1((0|1)|2))(0[\1-\9]|((~(1)|2)[\0-\9]|"30"))|"02"(0[\1-\9]|(1[\0-\9]|2[\0-\8]))))|(((((0|2)|4)|6)|8)((0|4)|8)|((((1|3)|5)|7)|9)(2|6))"0229")
(([\0-\9]){2,2}((0((((1|3)|5)|7)|8)|1(0|2))(0[\1-\9]|((1|2)[\0-\9]|3(0|1)))|((0(((((((1|3)|4)|5)|6)|7)|8)|9)|1((0|1)|2))(0[\1-\9]|((1|~(2))[\0-\9]|"30"))|"02"(0[\1-\9]|(1[\0-\9]|2[\0-\8]))))|(((((0|2)|4)|6)|8)((0|4)|8)|((((1|3)|5)|7)|9)(2|6))"0229")
(([\0-\9]){2,2}((0((((1|3)|5)|7)|8)|1(0|2))(0[\1-\9]|((1|2)[\0-\9]|3(0|1)))|((0(((((((1|3)|4)|5)|6)|7)|8)|9)|1((0|1)|2))(0[\1-\9]|((1|2)~([\0-\9])|"30"))|"02"(0[\1-\9]|(1[\0-\9]|2[\0-\8]))))|(((((0|2)|4)|6)|8)((0|4)|8)|((((1|3)|5)|7)|9)(2|6))"0229")
(([\0-\9]){2,2}((0((((1|3)|5)|7)|8)|1(0|2))(0[\1-\9]|((1|2)[\0-\9]|3(0|1)))|((0(((((((1|3)|4)|5)|6)|7)|8)|9)|1((0|1)|2))(0[\1-\9]|((1|2)[\0-\9]|"30"))|"02"(~(0)[\1-\9]|(1[\0-\9]|2[\0-\8]))))|(((((0|2)|4)|6)|8)((0|4)|8)|((((1|3)|5)|7)|9)(2|6))"0229")
(([\0-\9]){2,2}((0((((1|3)|5)|7)|8)|1(0|2))(0[\1-\9]|((1|2)[\0-\9]|3(0|1)))|((0(((((((1|3)|4)|5)|6)|7)|8)|9)|1((0|1)|2))(0[\1-\9]|((1|2)[\0-\9]|"30"))|"02"(0~([\1-\9])|(1[\0-\9]|2[\0-\8]))))|(((((0|2)|4)|6)|8)((0|4)|8)|((((1|3)|5)|7)|9)(2|6))"0229")
(([\0-\9]){2,2}((0((((1|3)|5)|7)|8)|1(0|2))(0[\1-\9]|((1|2)[\0-\9]|3(0|1)))|((0(((((((1|3)|4)|5)|6)|7)|8)|9)|1((0|1)|2))(0[\1-\9]|((1|2)[\0-\9]|"30"))|"02"(0[\1-\9]|(~(1)[\0-\9]|2[\0-\8]))))|(((((0|2)|4)|6)|8)((0|4)|8)|((((1|3)|5)|7)|9)(2|6))"0229")
(([\0-\9]){2,2}((0((((1|3)|5)|7)|8)|1(0|2))(0[\1-\9]|((1|2)[\0-\9]|3(0|1)))|((0(((((((1|3)|4)|5)|6)|7)|8)|9)|1((0|1)|2))(0[\1-\9]|((1|2)[\0-\9]|"30"))|"02"(0[\1-\9]|(1~([\0-\9])|2[\0-\8]))))|(((((0|2)|4)|6)|8)((0|4)|8)|((((1|3)|5)|7)|9)(2|6))"0229")
(([\0-\9]){2,2}((0((((1|3)|5)|7)|8)|1(0|2))(0[\1-\9]|((1|2)[\0-\9]|3(0|1)))|((0(((((((1|3)|4)|5)|6)|7)|8)|9)|1((0|1)|2))(0[\1-\9]|((1|2)[\0-\9]|"30"))|"02"(0[\1-\9]|(1[\0-\9]|~(2)[\0-\8]))))|(((((0|2)|4)|6)|8)((0|4)|8)|((((1|3)|5)|7)|9)(2|6))"0229")
(([\0-\9]){2,2}((0((((1|3)|5)|7)|8)|1(0|2))(0[\1-\9]|((1|2)[\0-\9]|3(0|1)))|((0(((((((1|3)|4)|5)|6)|7)|8)|9)|1((0|1)|2))(0[\1-\9]|((1|2)[\0-\9]|"30"))|"02"(0[\1-\9]|(1[\0-\9]|2~([\0-\8])))))|(((((0|2)|4)|6)|8)((0|4)|8)|((((1|3)|5)|7)|9)(2|6))"0229")
(([\0-\9]){2,2}((0((((1|3)|5)|7)|8)|1(0|2))(0[\1-\9]|((1|2)[\0-\9]|3(0|1)))|((0(((((((1|3)|4)|5)|6)|7)|8)|9)|1((0|1)|2))(0[\1-\9]|((1|2)[\0-\9]|"30"))|"02"(0[\1-\9]|(1[\0-\9]|2[\0-\8]))))|(((((~(0)|2)|4)|6)|8)((0|4)|8)|((((1|3)|5)|7)|9)(2|6))"0229")
(([\0-\9]){2,2}((0((((1|3)|5)|7)|8)|1(0|2))(0[\1-\9]|((1|2)[\0-\9]|3(0|1)))|((0(((((((1|3)|4)|5)|6)|7)|8)|9)|1((0|1)|2))(0[\1-\9]|((1|2)[\0-\9]|"30"))|"02"(0[\1-\9]|(1[\0-\9]|2[\0-\8]))))|(((((0|~(2))|4)|6)|8)((0|4)|8)|((((1|3)|5)|7)|9)(2|6))"0229")
(([\0-\9]){2,2}((0((((1|3)|5)|7)|8)|1(0|2))(0[\1-\9]|((1|2)[\0-\9]|3(0|1)))|((0(((((((1|3)|4)|5)|6)|7)|8)|9)|1((0|1)|2))(0[\1-\9]|((1|2)[\0-\9]|"30"))|"02"(0[\1-\9]|(1[\0-\9]|2[\0-\8]))))|(((((0|2)|~(4))|6)|8)((0|4)|8)|((((1|3)|5)|7)|9)(2|6))"0229")
(([\0-\9]){2,2}((0((((1|3)|5)|7)|8)|1(0|2))(0[\1-\9]|((1|2)[\0-\9]|3(0|1)))|((0(((((((1|3)|4)|5)|6)|7)|8)|9)|1((0|1)|2))(0[\1-\9]|((1|2)[\0-\9]|"30"))|"02"(0[\1-\9]|(1[\0-\9]|2[\0-\8]))))|(((((0|2)|4)|~(6))|8)((0|4)|8)|((((1|3)|5)|7)|9)(2|6))"0229")
(([\0-\9]){2,2}((0((((1|3)|5)|7)|8)|1(0|2))(0[\1-\9]|((1|2)[\0-\9]|3(0|1)))|((0(((((((1|3)|4)|5)|6)|7)|8)|9)|1((0|1)|2))(0[\1-\9]|((1|2)[\0-\9]|"30"))|"02"(0[\1-\9]|(1[\0-\9]|2[\0-\8]))))|(((((0|2)|4)|6)|~(8))((0|4)|8)|((((1|3)|5)|7)|9)(2|6))"0229")
(([\0-\9]){2,2}((0((((1|3)|5)|7)|8)|1(0|2))(0[\1-\9]|((1|2)[\0-\9]|3(0|1)))|((0(((((((1|3)|4)|5)|6)|7)|8)|9)|1((0|1)|2))(0[\1-\9]|((1|2)[\0-\9]|"30"))|"02"(0[\1-\9]|(1[\0-\9]|2[\0-\8]))))|(((((0|2)|4)|6)|8)((~(0)|4)|8)|((((1|3)|5)|7)|9)(2|6))"0229")
(([\0-\9]){2,2}((0((((1|3)|5)|7)|8)|1(0|2))(0[\1-\9]|((1|2)[\0-\9]|3(0|1)))|((0(((((((1|3)|4)|5)|6)|7)|8)|9)|1((0|1)|2))(0[\1-\9]|((1|2)[\0-\9]|"30"))|"02"(0[\1-\9]|(1[\0-\9]|2[\0-\8]))))|(((((0|2)|4)|6)|8)((0|~(4))|8)|((((1|3)|5)|7)|9)(2|6))"0229")
(([\0-\9]){2,2}((0((((1|3)|5)|7)|8)|1(0|2))(0[\1-\9]|((1|2)[\0-\9]|3(0|1)))|((0(((((((1|3)|4)|5)|6)|7)|8)|9)|1((0|1)|2))(0[\1-\9]|((1|2)[\0-\9]|"30"))|"02"(0[\1-\9]|(1[\0-\9]|2[\0-\8]))))|(((((0|2)|4)|6)|8)((0|4)|~(8))|((((1|3)|5)|7)|9)(2|6))"0229")
(([\0-\9]){2,2}((0((((1|3)|5)|7)|8)|1(0|2))(0[\1-\9]|((1|2)[\0-\9]|3(0|1)))|((0(((((((1|3)|4)|5)|6)|7)|8)|9)|1((0|1)|2))(0[\1-\9]|((1|2)[\0-\9]|"30"))|"02"(0[\1-\9]|(1[\0-\9]|2[\0-\8]))))|(((((0|2)|4)|6)|8)((0|4)|8)|((((~(1)|3)|5)|7)|9)(2|6))"0229")
(([\0-\9]){2,2}((0((((1|3)|5)|7)|8)|1(0|2))(0[\1-\9]|((1|2)[\0-\9]|3(0|1)))|((0(((((((1|3)|4)|5)|6)|7)|8)|9)|1((0|1)|2))(0[\1-\9]|((1|2)[\0-\9]|"30"))|"02"(0[\1-\9]|(1[\0-\9]|2[\0-\8]))))|(((((0|2)|4)|6)|8)((0|4)|8)|((((1|~(3))|5)|7)|9)(2|6))"0229")
(([\0-\9]){2,2}((0((((1|3)|5)|7)|8)|1(0|2))(0[\1-\9]|((1|2)[\0-\9]|3(0|1)))|((0(((((((1|3)|4)|5)|6)|7)|8)|9)|1((0|1)|2))(0[\1-\9]|((1|2)[\0-\9]|"30"))|"02"(0[\1-\9]|(1[\0-\9]|2[\0-\8]))))|(((((0|2)|4)|6)|8)((0|4)|8)|((((1|3)|~(5))|7)|9)(2|6))"0229")
(([\0-\9]){2,2}((0((((1|3)|5)|7)|8)|1(0|2))(0[\1-\9]|((1|2)[\0-\9]|3(0|1)))|((0(((((((1|3)|4)|5)|6)|7)|8)|9)|1((0|1)|2))(0[\1-\9]|((1|2)[\0-\9]|"30"))|"02"(0[\1-\9]|(1[\0-\9]|2[\0-\8]))))|(((((0|2)|4)|6)|8)((0|4)|8)|((((1|3)|5)|~(7))|9)(2|6))"0229")
(([\0-\9]){2,2}((0((((1|3)|5)|7)|8)|1(0|2))(0[\1-\9]|((1|2)[\0-\9]|3(0|1)))|((0(((((((1|3)|4)|5)|6)|7)|8)|9)|1((0|1)|2))(0[\1-\9]|((1|2)[\0-\9]|"30"))|"02"(0[\1-\9]|(1[\0-\9]|2[\0-\8]))))|(((((0|2)|4)|6)|8)((0|4)|8)|((((1|3)|5)|7)|~(9))(2|6))"0229")
(([\0-\9]){2,2}((0((((1|3)|5)|7)|8)|1(0|2))(0[\1-\9]|((1|2)[\0-\9]|3(0|1)))|((0(((((((1|3)|4)|5)|6)|7)|8)|9)|1((0|1)|2))(0[\1-\9]|((1|2)[\0-\9]|"30"))|"02"(0[\1-\9]|(1[\0-\9]|2[\0-\8]))))|(((((0|2)|4)|6)|8)((0|4)|8)|((((1|3)|5)|7)|9)(~(2)|6))"0229")
(([\0-\9]){2,2}((0((((1|3)|5)|7)|8)|1(0|2))(0[\1-\9]|((1|2)[\0-\9]|3(0|1)))|((0(((((((1|3)|4)|5)|6)|7)|8)|9)|1((0|1)|2))(0[\1-\9]|((1|2)[\0-\9]|"30"))|"02"(0[\1-\9]|(1[\0-\9]|2[\0-\8]))))|(((((0|2)|4)|6)|8)((0|4)|8)|((((1|3)|5)|7)|9)(2|~(6)))"0229")
(([\0-\9]){1,1}((0((((1|3)|5)|7)|8)|1(0|2))(0[\1-\9]|((1|2)[\0-\9]|3(0|1)))|((0(((((((1|3)|4)|5)|6)|7)|8)|9)|1((0|1)|2))(0[\1-\9]|((1|2)[\0-\9]|"30"))|"02"(0[\1-\9]|(1[\0-\9]|2[\0-\8]))))|(((((0|2)|4)|6)|8)((0|4)|8)|((((1|3)|5)|7)|9)(2|6))"0229")
(([\0-\9]){1,2}((0((((1|3)|5)|7)|8)|1(0|2))(0[\1-\9]|((1|2)[\0-\9]|3(0|1)))|((0(((((((1|3)|4)|5)|6)|7)|8)|9)|1((0|1)|2))(0[\1-\9]|((1|2)[\0-\9]|"30"))|"02"(0[\1-\9]|(1[\0-\9]|2[\0-\8]))))|(((((0|2)|4)|6)|8)((0|4)|8)|((((1|3)|5)|7)|9)(2|6))"0229")
(([\0-\9]){0,2}((0((((1|3)|5)|7)|8)|1(0|2))(0[\1-\9]|((1|2)[\0-\9]|3(0|1)))|((0(((((((1|3)|4)|5)|6)|7)|8)|9)|1((0|1)|2))(0[\1-\9]|((1|2)[\0-\9]|"30"))|"02"(0[\1-\9]|(1[\0-\9]|2[\0-\8]))))|(((((0|2)|4)|6)|8)((0|4)|8)|((((1|3)|5)|7)|9)(2|6))"0229")
(([\0-\9]){3,3}((0((((1|3)|5)|7)|8)|1(0|2))(0[\1-\9]|((1|2)[\0-\9]|3(0|1)))|((0(((((((1|3)|4)|5)|6)|7)|8)|9)|1((0|1)|2))(0[\1-\9]|((1|2)[\0-\9]|"30"))|"02"(0[\1-\9]|(1[\0-\9]|2[\0-\8]))))|(((((0|2)|4)|6)|8)((0|4)|8)|((((1|3)|5)|7)|9)(2|6))"0229")
(([\0-\9]){2,}((0((((1|3)|5)|7)|8)|1(0|2))(0[\1-\9]|((1|2)[\0-\9]|3(0|1)))|((0(((((((1|3)|4)|5)|6)|7)|8)|9)|1((0|1)|2))(0[\1-\9]|((1|2)[\0-\9]|"30"))|"02"(0[\1-\9]|(1[\0-\9]|2[\0-\8]))))|(((((0|2)|4)|6)|8)((0|4)|8)|((((1|3)|5)|7)|9)(2|6))"0229")
(([\0-\9]){2,3}((0((((1|3)|5)|7)|8)|1(0|2))(0[\1-\9]|((1|2)[\0-\9]|3(0|1)))|((0(((((((1|3)|4)|5)|6)|7)|8)|9)|1((0|1)|2))(0[\1-\9]|((1|2)[\0-\9]|"30"))|"02"(0[\1-\9]|(1[\0-\9]|2[\0-\8]))))|(((((0|2)|4)|6)|8)((0|4)|8)|((((1|3)|5)|7)|9)(2|6))"0229")
(([\0-\9]){2,2}((0((((1|3)|5)|7)|8)|1(0|2))(0[\1-\9]|((1|2)[\0-\9]|3(0|1)))|((0(((((((1|3)|4)|5)|6)|7)|8)|9)|1((0|1)|2))(0[\1-\9]|((1|2)[\0-\9]|"30"))|"02"(0[\1-\9]|(1[\0-\9]|2[\0-\8]))))|(((((0|2)|4)|6)|8)((0|4)|8)|((((1|3)|5)|7)|9)(2|6)))"0229"
(([\0-\9]){2,2}((0((((1|3)|5)|7)|8)|1(0|2))(0[\1-\9]|((1|2)[\0-\9]|3(0|1)))|((0(((((((1|3)|4)|5)|6)|7)|8)|9)|1((0|1)|2))(0[\1-\9]|((1|2)[\0-\9]|"30"))|"02"(0[\1-\9]|(1[\0-\9]|2[\0-\8]))))|(((((0|2)|4)|6)|8)((0|4)|8)|((((1|3)|5)|7)|9)(2|6))0)"229"
(([\0-\9]){2,2}((0((((1|3)|5)|7)|8)|1(0|2))(0[\1-\9]|((1|2)[\0-\9]|3(0|1)))|((0(((((((1|3)|4)|5)|6)|7)|8)|9)|1((0|1)|2))(0[\1-\9]|((1|2)[\0-\9]|"30"))|"02"(0[\1-\9]|(1[\0-\9]|2[\0-\8]))))|(((((0|2)|4)|6)|8)((0|4)|8)|((((1|3)|5)|7)|9)(2|6))"02")"29"
(([\0-\9]){2,2}((0((((1|3)|5)|7)|8)|1(0|2))(0[\1-\9]|((1|2)[\0-\9]|3(0|1)))|((0(((((((1|3)|4)|5)|6)|7)|8)|9)|1((0|1)|2))(0[\1-\9]|((1|2)[\0-\9]|"30"))|"02"(0[\1-\9]|(1[\0-\9]|2[\0-\8]))))|(((((0|2)|4)|6)|8)((0|4)|8)|((((1|3)|5)|7)|9)(2|6))"022")9
([\0-\9]){2,2}(((0((((1|3)|5)|7)|8)|1(0|2))(0[\1-\9]|((1|2)[\0-\9]|3(0|1)))|((0(((((((1|3)|4)|5)|6)|7)|8)|9)|1((0|1)|2))(0[\1-\9]|((1|2)[\0-\9]|"30"))|"02"(0[\1-\9]|(1[\0-\9]|2[\0-\8]))))|(((((0|2)|4)|6)|8)((0|4)|8)|((((1|3)|5)|7)|9)(2|6))"0229")
([\0-\9]){2,2}(((0((((1|3)|5)|7)|8)|1(0|2))(0[\1-\9]|((1|2)[\0-\9]|3(0|1)))|((0(((((((1|3)|4)|5)|6)|7)|8)|9)|1((0|1)|2))(0[\1-\9]|((1|2)[\0-\9]|"30"))|"02"(0[\1-\9]|(1[\0-\9]|2[\0-\8]))))|(((((0|2)|4)|6)|8)((0|4)|8)|((((1|3)|5)|7)|9)(2|6)))"0229"
([\0-\9]){2,2}(((0((((1|3)|5)|7)|8)|1(0|2))(0[\1-\9]|((1|2)[\0-\9]|3(0|1)))|((0(((((((1|3)|4)|5)|6)|7)|8)|9)|1((0|1)|2))(0[\1-\9]|((1|2)[\0-\9]|"30"))|"02"(0[\1-\9]|(1[\0-\9]|2[\0-\8]))))|(((((0|2)|4)|6)|8)((0|4)|8)|((((1|3)|5)|7)|9)(2|6))0)"229"
([\0-\9]){2,2}(((0((((1|3)|5)|7)|8)|1(0|2))(0[\1-\9]|((1|2)[\0-\9]|3(0|1)))|((0(((((((1|3)|4)|5)|6)|7)|8)|9)|1((0|1)|2))(0[\1-\9]|((1|2)[\0-\9]|"30"))|"02"(0[\1-\9]|(1[\0-\9]|2[\0-\8]))))|(((((0|2)|4)|6)|8)((0|4)|8)|((((1|3)|5)|7)|9)(2|6))"02")"29"
([\0-\9]){2,2}(((0((((1|3)|5)|7)|8)|1(0|2))(0[\1-\9]|((1|2)[\0-\9]|3(0|1)))|((0(((((((1|3)|4)|5)|6)|7)|8)|9)|1((0|1)|2))(0[\1-\9]|((1|2)[\0-\9]|"30"))|"02"(0[\1-\9]|(1[\0-\9]|2[\0-\8]))))|(((((0|2)|4)|6)|8)((0|4)|8)|((((1|3)|5)|7)|9)(2|6))"022")9