  2239000000000000 
   2221000000000000 
  5109 000000000000 
 30000000000009 
 36900000000000 
  2230000000000000 
 340000000000009 
  5500 000000000000 
4000000000000000 
 3500900000000000
 3500000000000000
4000000000000 
 340000000000000 
 36000000000000 
4000000000000009 
  2230000000000009 
 30000000000000 
  2290000000000000 
  2709000000000000 
  2700000000000000 
  5100 000000000000 
 180000000000009
  2300000000000000 
  2600000000000000 
4000000000009 
 6509000000000000 
  2309000000000000 
 30500000000000 
   2229000000000000 
 6500000000000000 
 6011000000000009 