0]]]0]]]a]]]]
0]]]0]]]]0]]]]
0]]]0]]] -1]]]]
A]]]0]]]0]]]]
00]]]0]]]]
0]]]00]]]0]]]]
A0]]]0]]]0]]]]
0]]]0]]]  0]]]]
0]]]!0]]]1]]]]
]]]0]]]0]]]]
0]]])?0]]]0]]]]
0]]]a]]]0]]]]
0]]]0]]]00]]]]
0]]]a0]]]0]]]]
0]]] ?0]]]0]]]]
0]]] -0]]]0]]]]
a]]]0]]]0]]]]
0]]]1]]]A]]]]
0]]]))0]]]0]]]]
0]]]0]]] ?0]]]]
0]]0]]]0]]]]
0]]]1]]]!0]]]]
0]]]A]]]0]]]]
0]]]00]]]]
0]]]!0]]]0]]]]
0]]]0]]]0
0]]]A]]]1]]]]
(?0]]]0]]]0]]]]
0]]]  0]]]0]]]]
0]]]]0]]]0]]]]
0]]]0]]]0]]]]]
0]]]0]]]A]]]]
0]]]0]]0]]]]
0]]]0]]]!0]]]]
0]]]0]]]]]]]
0]]]0]]] -?0]]]]
((0]]]0]]]0]]]]
0]]]A0]]]0]]]]
0]]]0]]]0]]]
0]]]]]]0]]]]
0]]]0]]]a0]]]]
A]]])?0]]]0]]]]
0]]])?0]]][]]]]
0]]]0]]]A0]]]]
0]]]0]]] -0]]]]
[]]]0]]] -0]]]]