Regexlib_email1:	47	880.0	0.9474885844748858
Regexlib_email2:	21	79.0	0.9555555555555556
Regexlib_email3:	27	210.0	0.9416342412451362
Regexlib_email4:	102	3528.0	0.8566084788029925
Regexlib_email5:	54	674.0	0.9724310776942355
Regexlib_email6:	33	283.0	0.9471947194719472
Regexlib_email7:	83	4387.0	0.7829232995658466
Regexlib_email8:	39	341.0	0.9627791563275434
Regexlib_uri1:	73	1985.0	0.9610983981693364
Regexlib_uri2:	57	475.0	0.9864406779661017
Regexlib_uri3:	80	601.0	0.9631578947368421
Regexlib_uri4:	33	113.0	0.96875
Regexlib_uri5:	48	178.0	0.9148264984227129
Regexlib_uri6:	60	616.0	0.9749303621169917
Regexlib_uri7:	36	74.0	0.9815950920245399
Regexlib_uri8:	71	313.0	0.9883268482490273
Regexlib_uri9:	26	188.0	0.914396887159533
Regexlib_uri10:	28	11602.0	0.9349593495934959
Regexlib_uri11:	32	452.0	0.9848484848484849
Regexlib_numbers1:	68	2482.0	0.8997134670487106
Regexlib_numbers2:	10	29.0	0.9883720930232558
Regexlib_numbers3:	14	49.0	0.9855072463768116
Regexlib_numbers4:	13	26.0	0.9662921348314607
Regexlib_numbers5:	19	127.0	0.9672131147540983
Regexlib_numbers6:	30	500.0	0.9855072463768116
Regexlib_numbers7:	20	91.0	0.9682539682539683
Regexlib_numbers8:	12	53.0	0.9624060150375939
Regexlib_numbers9:	25	138.0	0.9760479041916168
Regexlib_numbers10:	32	255.0	0.9675675675675676
Regexlib_numbers11:	29	152.0	0.9766081871345029
Regexlib_numbers12:	21	120.0	0.9455782312925171
Regexlib_numbers13:	16	38.0	0.9848484848484849
Regexlib_numbers14:	16	63.0	0.9259259259259259
Regexlib_numbers15:	9	20.0	0.9692307692307692
Regexlib_numbers16:	13	37.0	0.8653846153846154
Regexlib_numbers17:	30	253.0	0.942652329749104
Regexlib_numbers18:	22	47.0	0.9917355371900827
Regexlib_string1:	19	55.0	0.991304347826087
Regexlib_string2:	74	441.0	1.0
Regexlib_string3:	35	3662.0	0.987012987012987
Regexlib_string4:	13	25.0	0.9468085106382979
Regexlib_string5:	17	153.0	0.845679012345679
Regexlib_string6:	68	1110.0	0.9973118279569892
Regexlib_string7:	0	0.0	0.0
Regexlib_string8:	10	61.0	0.972972972972973
Regexlib_string9:	14	83.0	0.9351851851851852
Regexlib_string10:	15	140.0	0.9405940594059405
Regexlib_string11:	19	159.0	0.94
Regexlib_data_time1:	21	53.0	0.9819819819819819
Regexlib_data_time2:	84	2948.0	1.0
Regexlib_data_time3:	52	703.0	0.9526627218934911
Regexlib_data_time4:	56	784.0	0.9377431906614786
Regexlib_data_time5:	23	106.0	0.9857142857142858
Regexlib_data_time6:	56	486.0	0.9888475836431226
Regexlib_data_time7:	72	501.0	1.0
Regexlib_data_time8:	80	1206.0	0.9965870307167235
Regexlib_data_time9:	34	160.0	0.9803921568627451
Regexlib_data_time10:	16	79.0	0.9690721649484536
Regexlib_data_time11:	10	9.0	0.9736842105263158
Regexlib_data_time12:	134	3231.0	0.9728813559322034
Regexlib_data_time13:	23	110.0	0.9682539682539683
Regexlib_data_time14:	253	8395.0	0.981335952848723
Regexlib_data_time15:	57	446.0	0.996309963099631
Regexlib_data_time16:	27	42.0	0.9854014598540146
Regexlib_data_time17:	190	5646.0	1.0
Regexlib_data_time18:	18	48.0	0.9736842105263158
Regexlib_data_time19:	21	33.0	0.9655172413793104
Regexlib_data_time20:	24	44.0	0.9782608695652174
Regexlib_data_time21:	72	603.0	0.9946666666666667
Regexlib_misc1:	59	8193.0	1.0
Regexlib_misc2:	22	162.0	0.9607843137254902
Regexlib_misc3:	36	186.0	0.9607843137254902
Regexlib_misc4:	47	143.0	0.9831460674157303
Regexlib_misc5:	22	35.0	0.9833333333333333
Regexlib_misc6:	19	46.0	0.9779411764705882
Regexlib_misc7:	76	1154.0	0.9370629370629371
Regexlib_misc8:	16	48.0	0.9316239316239316
Regexlib_misc9:	61	509.0	0.9536784741144414
Regexlib_misc10:	68	313.0	0.975103734439834
Regexlib_misc11:	12	20.0	0.9761904761904762
Regexlib_misc12:	104	582.0	1.0
Regexlib_misc13:	26	156.0	0.9662162162162162
Regexlib_misc14:	24	73.0	0.9444444444444444
Regexlib_misc15:	44	3886.0	0.9711815561959655
Regexlib_misc16:	64	665.0	0.9811827956989247
Regexlib_misc17:	34	170.0	1.0
Regexlib_misc18:	18	109.0	0.9502762430939227
Regexlib_misc19:	17	74.0	0.9421487603305785
Regexlib_misc20:	43	366.0	1.0
Regexlib_misc21:	55	439.0	0.9706666666666667
Regexlib_misc22:	24	29.0	0.9753086419753086
Regexlib_address_phone1:	43	2746.0	0.9934426229508196
Regexlib_address_phone2:	46	218.0	0.9839357429718876
Regexlib_address_phone3:	44	633.0	0.9893617021276596
Regexlib_address_phone4:	28	77.0	0.9906542056074766
Regexlib_address_phone5:	71	585.0	0.903755868544601
Regexlib_address_phone6:	44	469.0	0.9778481012658228
Regexlib_address_phone7:	114	2119.0	1.0
Regexlib_address_phone8:	31	241.0	0.8854961832061069
Regexlib_address_phone9:	29	57.0	0.983739837398374
Regexlib_address_phone10:	46	295.0	0.9843260188087775
Regexlib_address_phone11:	29	91.0	0.9827586206896551
Regexlib_address_phone12:	16	48.0	0.9537037037037037
Regexlib_address_phone13:	148	923.0	1.0
Regexlib_address_phone14:	107	8331.0	0.9960552268244576
Regexlib_address_phone15:	14	34.0	0.9861111111111112
Regexlib_address_phone16:	73	2512.0	0.9874055415617129
Regexlib_markup_code1:	26	97.0	0.9627906976744186
Regexlib_markup_code2:	0	0.0	0.0
Regexlib_markup_code3:	17	57.0	0.9489795918367347
Regexlib_markup_code4:	16	37.0	0.9690721649484536
Regexlib_markup_code5:	0	0.0	0.0
Regexlib_markup_code6:	18	49.0	0.9337349397590361
Regexlib_markup_code7:	12	27.0	0.9298245614035088
REinfo_numeric_ranges1:	13	26.0	0.974025974025974
REinfo_numeric_ranges2:	17	40.0	0.9719626168224299
REinfo_numeric_ranges3:	17	28.0	0.9615384615384616
REinfo_numeric_ranges4:	17	12.0	0.95
REinfo_numeric_ranges5:	18	14.0	0.96875
REinfo_numeric_ranges6:	14	22.0	0.9864864864864865
REinfo_numeric_ranges7:	19	26.0	0.9782608695652174
REinfo_numeric_ranges8:	11	12.0	1.0
REinfo_numeric_ranges9:	18	26.0	0.9615384615384616
REinfo_floating_point_number1:	30	113.0	0.975103734439834
REinfo_email_address1:	26	147.0	0.9925373134328358
REinfo_date1:	46	142.0	1.0
REinfo_programming1:	2	1.0	0.7142857142857143
Github_python1:	69	434.0	1.0
Github_python2:	37	272.0	0.9899497487437185
Github_python3:	214	19723.0	0.94662638469285
Github_python4:	7	18.0	0.8846153846153846
Github_python5:	0	0.0	0.0
Github_python6:	11	147.0	0.8130841121495327
Github_python7:	0	0.0	0.0
Github_python8:	0	1.0	0.0
Github_python9:	4	124.0	0.035
Github_python10:	28	53.0	0.9940828402366864
Github_python11:	54	252.0	0.9881889763779528
Github_python12:	0	1.0	0.0
Github_java1:	10	19.0	0.9518072289156626
Github_java3:	27	99.0	0.953757225433526
Github_java4:	0	0.0	0.0
Github_java5:	24	36.0	0.9920634920634921
Github_java6:	0	0.0	0.0
Github_java7:	0	1.0	0.0
tourDeSource1:	2	0.0	1.0
tourDeSource2:	2	1.0	1.0
tourDeSource3:	0	0.0	0.0
tourDeSource4:	1	2.0	1.0
tourDeSource5:	3	1.0	1.0
tourDeSource6:	0	2.0	0.0
tourDeSource7:	2	2.0	0.7692307692307693
tourDeSource8:	3	3.0	0.9333333333333333
tourDeSource9:	4	4.0	0.875
tourDeSource10:	4	9.0	0.9230769230769231
tourDeSource11:	9	14.0	0.9821428571428571
tourDeSource12:	3	4.0	0.8666666666666667
tourDeSource13:	2	4.0	1.0
tourDeSource14:	15	31.0	0.9587628865979382
tourDeSource15:	0	0.0	0.0
tourDeSource16:	6	10.0	0.9545454545454546
tourDeSource17:	2	9.0	1.0
tourDeSource18:	6	22.0	1.0
tourDeSource19:	0	0.0	0.0
tourDeSource20:	0	0.0	0.0
tourDeSource21:	8	27.0	0.8681318681318682
tourDeSource22:	0	0.0	0.0
tourDeSource23:	0	0.0	0.0
tourDeSource24:	8	26.0	0.84
tourDeSource25:	0	0.0	0.0
tourDeSource26:	0	0.0	0.0
tourDeSource27:	19	81.0	0.9711538461538461
tourDeSource28:	0	0.0	0.0
tourDeSource29:	6	42.0	0.8160919540229885
tourDeSource30:	0	0.0	0.0
tourDeSource31:	0	0.0	0.0
tourDeSource32:	0	0.0	0.0
tourDeSource33:	8	41.0	0.8426966292134831
tourDeSource34:	4	31.0	0.7692307692307693
tourDeSource35:	15	47.0	0.9375
tourDeSource36:	0	0.0	0.0
tourDeSource37:	12	62.0	0.8392857142857143
tourDeSource38:	0	0.0	0.0
tourDeSource39:	19	126.0	0.9494949494949495
tourDeSource40:	0	0.0	0.0
tourDeSource41:	0	0.0	0.0
tourDeSource42:	0	0.0	0.0
tourDeSource43:	0	0.0	0.0
tourDeSource44:	0	0.0	0.0
tourDeSource45:	0	0.0	0.0
tourDeSource46:	0	0.0	0.0
tourDeSource47:	0	0.0	0.0
tourDeSource48:	31	280.0	0.984251968503937
tourDeSource49:	0	0.0	0.0
tourDeSource50:	0	0.0	0.0
tourDeSource51:	0	0.0	0.0
tourDeSource52:	0	0.0	0.0
tourDeSource53:	0	0.0	0.0
tourDeSource54:	0	0.0	0.0
tourDeSource55:	0	0.0	0.0
tourDeSource56:	0	0.0	0.0
tourDeSource57:	0	0.0	0.0
tourDeSource58:	56	115.0	0.9382022471910112
tourDeSource59:	52	366.0	0.9914529914529915
tourDeSource60:	0	0.0	0.0
tourDeSource61:	0	1.0	0.0
tourDeSource62:	2	37.0	1.0
tourDeSource63:	0	0.0	0.0
tourDeSource64:	0	1.0	0.0
tourDeSource65:	0	0.0	0.0
tourDeSource66:	0	0.0	0.0
tourDeSource67:	29	109.0	0.9595959595959596
tourDeSource68:	0	0.0	0.0
tourDeSource69:	0	1.0	0.0
tourDeSource70:	6	74.0	0.04296875
tourDeSource71:	0	0.0	0.0
tourDeSource72:	0	0.0	0.0
tourDeSource73:	55	283.0	0.9745762711864406
tourDeSource74:	49	163.0	0.9851851851851852
tourDeSource75:	55	284.0	0.9739884393063584
tourDeSource76:	61	526.0	0.9726775956284153
tourDeSource77:	0	0.0	0.0
tourDeSource78:	0	0.0	0.0
tourDeSource79:	67	632.0	0.9875776397515528
tourDeSource80:	56	382.0	0.9794871794871794
tourDeSource81:	71	572.0	0.9893048128342246
tourDeSource82:	0	1.0	0.0
tourDeSource83:	63	424.0	0.9542857142857143
tourDeSource84:	60	256.0	0.9815950920245399
tourDeSource85:	61	347.0	0.9735449735449735
tourDeSource86:	95	332.0	0.9467680608365019
tourDeSource87:	61	309.0	0.9880952380952381
tourDeSource88:	0	0.0	0.0
tourDeSource89:	66	369.0	1.0
tourDeSource90:	72	432.0	0.9581151832460733
tourDeSource91:	0	0.0	0.0
tourDeSource92:	0	0.0	0.0
tourDeSource93:	69	451.0	0.9887640449438202
tourDeSource94:	0	0.0	0.0
tourDeSource95:	59	284.0	0.9735099337748344
tourDeSource96:	74	453.0	1.0
tourDeSource97:	79	622.0	0.9900497512437811
tourDeSource98:	90	666.0	0.9901960784313726
tourDeSource99:	0	0.0	0.0
tourDeSource100:	81	707.0	0.9856459330143541
tourDeSource101:	0	1.0	0.0
tourDeSource102:	150	698.0	0.981675392670157
tourDeSource103:	0	0.0	0.0
tourDeSource104:	88	736.0	0.9911111111111112
tourDeSource105:	12	62.0	0.26609442060085836
tourDeSource106:	0	0.0	0.0
tourDeSource107:	90	1035.0	0.9695652173913043
tourDeSource108:	98	771.0	0.9836734693877551
tourDeSource109:	98	638.0	0.9878048780487805
tourDeSource110:	103	1331.0	0.9691119691119691
tourDeSource111:	90	955.0	0.9696969696969697
tourDeSource112:	106	842.0	0.9825783972125436
tourDeSource113:	0	0.0	0.0
tourDeSource114:	120	1000.0	0.9901960784313726
tourDeSource115:	130	1922.0	0.9839228295819936
tourDeSource116:	142	1092.0	0.9817073170731707
tourDeSource117:	363	8839.0	0.9897567221510883
tourDeSource118:	0	1.0	0.0
tourDeSource119:	629	24719.0	0.9949676491732566
