Regexlib_email1:	91	960.0	0.9462616822429907
Regexlib_email2:	35	69.0	0.978494623655914
Regexlib_email3:	57	302.0	0.9658703071672355
Regexlib_email4:	156	3632.0	0.8501259445843828
Regexlib_email5:	96	737.0	0.9738219895287958
Regexlib_email6:	55	326.0	0.9702970297029703
Regexlib_email7:	129	4431.0	0.7875722543352601
Regexlib_email8:	80	363.0	0.9688311688311688
Regexlib_uri1:	108	2156.0	0.9563106796116505
Regexlib_uri2:	100	448.0	0.9887640449438202
Regexlib_uri3:	108	655.0	0.9654255319148937
Regexlib_uri4:	59	181.0	0.9808429118773946
Regexlib_uri5:	102	202.0	0.9125
Regexlib_uri6:	87	685.0	0.9797101449275363
Regexlib_uri7:	53	68.0	0.9862068965517241
Regexlib_uri8:	106	332.0	0.9920948616600791
Regexlib_uri9:	51	213.0	0.9246031746031746
Regexlib_uri10:	31	18582.0	0.9065420560747663
Regexlib_uri11:	68	500.0	0.9830028328611898
Regexlib_numbers1:	93	4373.0	0.8964497041420119
Regexlib_numbers2:	18	39.0	0.9594594594594594
Regexlib_numbers3:	21	34.0	0.9848484848484849
Regexlib_numbers4:	23	35.0	0.9642857142857143
Regexlib_numbers5:	38	79.0	0.9795918367346939
Regexlib_numbers6:	44	157.0	0.9914529914529915
Regexlib_numbers7:	30	109.0	0.9568965517241379
Regexlib_numbers8:	32	65.0	0.965034965034965
Regexlib_numbers9:	58	207.0	0.9690721649484536
Regexlib_numbers10:	53	316.0	0.9587628865979382
Regexlib_numbers11:	48	208.0	0.9761904761904762
Regexlib_numbers12:	32	198.0	0.9375
Regexlib_numbers13:	27	45.0	0.9647058823529412
Regexlib_numbers14:	24	46.0	0.8823529411764706
Regexlib_numbers15:	18	19.0	0.9682539682539683
Regexlib_numbers16:	21	94.0	0.9130434782608695
Regexlib_numbers17:	53	310.0	0.9424460431654677
Regexlib_numbers18:	37	47.0	0.98989898989899
Regexlib_string1:	39	113.0	0.9824561403508771
Regexlib_string2:	122	1196.0	1.0
Regexlib_string3:	58	5355.0	0.975609756097561
Regexlib_string4:	23	44.0	0.9649122807017544
Regexlib_string5:	29	938.0	0.8475609756097561
Regexlib_string6:	90	782.0	1.0
Regexlib_string7:	0	0.0	0.0
Regexlib_string8:	18	34.0	0.9705882352941176
Regexlib_string9:	31	108.0	0.9252336448598131
Regexlib_string10:	31	197.0	0.9433962264150944
Regexlib_string11:	28	275.0	0.9254658385093167
Regexlib_data_time1:	36	933.0	0.9893617021276596
Regexlib_data_time2:	134	4026.0	1.0
Regexlib_data_time3:	87	1141.0	0.9482758620689655
Regexlib_data_time4:	78	1396.0	0.9302325581395349
Regexlib_data_time5:	41	112.0	0.9924812030075187
Regexlib_data_time6:	101	748.0	0.9886792452830189
Regexlib_data_time7:	126	761.0	1.0
Regexlib_data_time8:	116	2192.0	0.9965986394557823
Regexlib_data_time9:	55	294.0	0.9835164835164835
Regexlib_data_time10:	31	45.0	1.0
Regexlib_data_time11:	19	74.0	0.9459459459459459
Regexlib_data_time12:	203	3332.0	0.9726495726495726
Regexlib_data_time13:	34	51.0	0.9646017699115044
Regexlib_data_time14:	349	8291.0	0.9812067260138477
Regexlib_data_time15:	87	452.0	1.0
Regexlib_data_time16:	58	55.0	0.9931972789115646
Regexlib_data_time17:	245	5714.0	1.0
Regexlib_data_time18:	35	62.0	0.9560439560439561
Regexlib_data_time19:	41	48.0	0.9635036496350365
Regexlib_data_time20:	38	50.0	0.984375
Regexlib_data_time21:	107	682.0	0.9867724867724867
Regexlib_misc1:	91	7663.0	0.9970760233918129
Regexlib_misc2:	51	239.0	0.9764705882352941
Regexlib_misc3:	67	218.0	0.9520295202952029
Regexlib_misc4:	70	169.0	0.9890710382513661
Regexlib_misc5:	39	39.0	0.9823008849557522
Regexlib_misc6:	38	47.0	0.984251968503937
Regexlib_misc7:	91	1107.0	0.9294403892944039
Regexlib_misc8:	25	69.0	0.9343065693430657
Regexlib_misc9:	91	558.0	0.9555555555555556
Regexlib_misc10:	95	360.0	0.9763779527559056
Regexlib_misc11:	24	25.0	0.9583333333333334
Regexlib_misc12:	130	637.0	0.9978768577494692
Regexlib_misc13:	60	174.0	0.9635761589403974
Regexlib_misc14:	42	88.0	0.957345971563981
Regexlib_misc15:	83	1130.0	0.9709302325581395
Regexlib_misc16:	96	619.0	0.9812834224598931
Regexlib_misc17:	73	170.0	0.9958677685950413
Regexlib_misc18:	29	53.0	0.9408284023668639
Regexlib_misc19:	49	58.0	0.9473684210526315
Regexlib_misc20:	98	284.0	0.9935483870967742
Regexlib_misc21:	89	434.0	0.9672131147540983
Regexlib_misc22:	32	49.0	0.9714285714285714
Regexlib_address_phone1:	82	1980.0	0.9862068965517241
Regexlib_address_phone2:	85	253.0	0.9870689655172413
Regexlib_address_phone3:	80	761.0	0.9885496183206107
Regexlib_address_phone4:	55	110.0	0.9766355140186916
Regexlib_address_phone5:	87	618.0	0.9061032863849765
Regexlib_address_phone6:	68	572.0	0.9756838905775076
Regexlib_address_phone7:	155	2245.0	0.9950980392156863
Regexlib_address_phone8:	61	230.0	0.8832684824902723
Regexlib_address_phone9:	49	59.0	0.9914529914529915
Regexlib_address_phone10:	97	339.0	0.9878419452887538
Regexlib_address_phone11:	50	88.0	0.9935897435897436
Regexlib_address_phone12:	36	56.0	0.9895833333333334
Regexlib_address_phone13:	170	950.0	0.9981751824817519
Regexlib_address_phone14:	130	11823.0	0.996039603960396
Regexlib_address_phone15:	24	36.0	0.9859154929577465
Regexlib_address_phone16:	105	2460.0	0.9922480620155039
Regexlib_markup_code1:	44	132.0	0.970873786407767
Regexlib_markup_code2:	0	0.0	0.0
Regexlib_markup_code3:	29	77.0	0.9302325581395349
Regexlib_markup_code4:	23	44.0	0.9504132231404959
Regexlib_markup_code5:	0	0.0	0.0
Regexlib_markup_code6:	37	70.0	0.9322916666666666
Regexlib_markup_code7:	22	28.0	0.9494949494949495
REinfo_numeric_ranges1:	27	25.0	0.9864864864864865
REinfo_numeric_ranges2:	27	32.0	0.9887640449438202
REinfo_numeric_ranges3:	25	31.0	0.9775280898876404
REinfo_numeric_ranges4:	20	17.0	0.96875
REinfo_numeric_ranges5:	19	13.0	0.9818181818181818
REinfo_numeric_ranges6:	21	23.0	0.971830985915493
REinfo_numeric_ranges7:	28	35.0	0.9789473684210527
REinfo_numeric_ranges8:	20	13.0	0.9516129032258065
REinfo_numeric_ranges9:	27	36.0	0.9895833333333334
REinfo_floating_point_number1:	52	116.0	0.9815668202764977
REinfo_email_address1:	56	185.0	0.9853479853479854
REinfo_date1:	74	159.0	0.9951923076923077
REinfo_programming1:	2	2.0	0.7142857142857143
Github_python1:	100	468.0	0.996969696969697
Github_python2:	68	308.0	0.9808612440191388
Github_python3:	263	20680.0	0.9469928644240571
Github_python4:	13	15.0	0.9
Github_python5:	0	0.0	0.0
Github_python6:	20	161.0	0.7904761904761904
Github_python7:	0	1.0	0.0
Github_python8:	0	0.0	0.0
Github_python9:	8	139.0	0.035
Github_python10:	48	47.0	0.9705882352941176
Github_python11:	101	296.0	0.9887218045112782
Github_python12:	0	0.0	0.0
Github_java1:	22	25.0	0.9529411764705882
Github_java3:	55	134.0	0.96875
Github_java4:	0	0.0	0.0
Github_java5:	40	51.0	0.9865771812080537
Github_java6:	0	0.0	0.0
Github_java7:	40	60.0	0.976
tourDeSource1:	2	0.0	1.0
tourDeSource2:	2	1.0	1.0
tourDeSource3:	0	0.0	0.0
tourDeSource4:	1	5.0	1.0
tourDeSource5:	2	2.0	1.0
tourDeSource6:	0	1.0	0.0
tourDeSource7:	6	3.0	0.8461538461538461
tourDeSource8:	5	3.0	0.9411764705882353
tourDeSource9:	7	6.0	0.8571428571428571
tourDeSource10:	7	6.0	0.9615384615384616
tourDeSource11:	12	11.0	0.9512195121951219
tourDeSource12:	4	7.0	0.8461538461538461
tourDeSource13:	5	4.0	1.0
tourDeSource14:	18	30.0	0.9540229885057471
tourDeSource15:	0	0.0	0.0
tourDeSource16:	9	10.0	0.9512195121951219
tourDeSource17:	7	10.0	1.0
tourDeSource18:	17	43.0	0.9824561403508771
tourDeSource19:	0	0.0	0.0
tourDeSource20:	0	0.0	0.0
tourDeSource21:	11	30.0	0.8024691358024691
tourDeSource22:	0	0.0	0.0
tourDeSource23:	0	0.0	0.0
tourDeSource24:	15	43.0	0.865979381443299
tourDeSource25:	0	0.0	0.0
tourDeSource26:	0	1.0	0.0
tourDeSource27:	31	80.0	0.9587628865979382
tourDeSource28:	0	0.0	0.0
tourDeSource29:	9	44.0	0.7469879518072289
tourDeSource30:	0	0.0	0.0
tourDeSource31:	0	0.0	0.0
tourDeSource32:	0	0.0	0.0
tourDeSource33:	16	63.0	0.8888888888888888
tourDeSource34:	6	38.0	0.8028169014084507
tourDeSource35:	28	49.0	0.9438202247191011
tourDeSource36:	0	0.0	0.0
tourDeSource37:	20	64.0	0.8220338983050848
tourDeSource38:	0	0.0	0.0
tourDeSource39:	44	161.0	0.9595959595959596
tourDeSource40:	0	0.0	0.0
tourDeSource41:	0	0.0	0.0
tourDeSource42:	0	0.0	0.0
tourDeSource43:	0	0.0	0.0
tourDeSource44:	0	0.0	0.0
tourDeSource45:	0	0.0	0.0
tourDeSource46:	0	0.0	0.0
tourDeSource47:	0	0.0	0.0
tourDeSource48:	80	282.0	0.9746835443037974
tourDeSource49:	0	0.0	0.0
tourDeSource50:	0	0.0	0.0
tourDeSource51:	0	0.0	0.0
tourDeSource52:	0	0.0	0.0
tourDeSource53:	0	0.0	0.0
tourDeSource54:	0	0.0	0.0
tourDeSource55:	0	1.0	0.0
tourDeSource56:	0	0.0	0.0
tourDeSource57:	0	0.0	0.0
tourDeSource58:	63	137.0	0.9315789473684211
tourDeSource59:	74	380.0	0.9913419913419913
tourDeSource60:	0	0.0	0.0
tourDeSource61:	0	0.0	0.0
tourDeSource62:	2	65.0	1.0
tourDeSource63:	0	0.0	0.0
tourDeSource64:	0	1.0	0.0
tourDeSource65:	0	0.0	0.0
tourDeSource66:	0	0.0	0.0
tourDeSource67:	43	119.0	0.9484536082474226
tourDeSource68:	0	0.0	0.0
tourDeSource69:	0	0.0	0.0
tourDeSource70:	7	78.0	0.04182509505703422
tourDeSource71:	0	0.0	0.0
tourDeSource72:	0	0.0	0.0
tourDeSource73:	92	347.0	0.9782608695652174
tourDeSource74:	68	181.0	0.9927007299270073
tourDeSource75:	93	324.0	0.975
tourDeSource76:	72	546.0	0.9685863874345549
tourDeSource77:	0	0.0	0.0
tourDeSource78:	0	0.0	0.0
tourDeSource79:	82	619.0	0.9751552795031055
tourDeSource80:	72	419.0	0.9748743718592965
tourDeSource81:	80	584.0	0.9735449735449735
tourDeSource82:	0	0.0	0.0
tourDeSource83:	76	457.0	0.9602272727272727
tourDeSource84:	83	277.0	0.9879518072289156
tourDeSource85:	73	353.0	0.9832402234636871
tourDeSource86:	100	346.0	0.9391634980988594
tourDeSource87:	87	321.0	0.9880952380952381
tourDeSource88:	0	0.0	0.0
tourDeSource89:	90	373.0	0.9887005649717514
tourDeSource90:	97	435.0	0.9635416666666666
tourDeSource91:	0	0.0	0.0
tourDeSource92:	0	0.0	0.0
tourDeSource93:	90	469.0	0.9725274725274725
tourDeSource94:	0	0.0	0.0
tourDeSource95:	66	328.0	0.9668874172185431
tourDeSource96:	90	481.0	0.983957219251337
tourDeSource97:	99	643.0	0.9847715736040609
tourDeSource98:	103	670.0	0.9802955665024631
tourDeSource99:	0	0.0	0.0
tourDeSource100:	104	725.0	0.9902912621359223
tourDeSource101:	0	0.0	0.0
tourDeSource102:	161	749.0	0.9815303430079155
tourDeSource103:	0	0.0	0.0
tourDeSource104:	113	773.0	0.9867256637168141
tourDeSource105:	12	73.0	0.27631578947368424
tourDeSource106:	0	1.0	0.0
tourDeSource107:	98	1086.0	0.9656652360515021
tourDeSource108:	110	795.0	0.9718875502008032
tourDeSource109:	102	724.0	0.9803921568627451
tourDeSource110:	127	1301.0	0.9803921568627451
tourDeSource111:	102	971.0	0.9783549783549783
tourDeSource112:	122	885.0	0.9825174825174825
tourDeSource113:	0	0.0	0.0
tourDeSource114:	137	1093.0	0.987220447284345
tourDeSource115:	144	1992.0	0.9779874213836478
tourDeSource116:	150	1119.0	0.9847560975609756
tourDeSource117:	368	8853.0	0.9974025974025974
tourDeSource118:	0	1.0	0.0
tourDeSource119:	636	25093.0	0.9949676491732566
