Regexlib_email1:	47	871.0	0.9465116279069767
Regexlib_email2:	16	56.0	0.9894736842105263
Regexlib_email3:	27	233.0	0.9580152671755725
Regexlib_email4:	103	3474.0	0.8504326328800988
Regexlib_email5:	56	619.0	0.9698630136986301
Regexlib_email6:	31	289.0	0.9767441860465116
Regexlib_email7:	82	4154.0	0.7908961593172119
Regexlib_email8:	36	313.0	0.9660574412532638
Regexlib_uri1:	72	1885.0	0.9591836734693877
Regexlib_uri2:	57	473.0	0.9831649831649831
Regexlib_uri3:	80	578.0	0.9642857142857143
Regexlib_uri4:	33	131.0	0.9900990099009901
Regexlib_uri5:	46	198.0	0.9150943396226415
Regexlib_uri6:	60	623.0	0.9715099715099715
Regexlib_uri7:	32	57.0	0.9852941176470589
Regexlib_uri8:	70	315.0	0.9884615384615385
Regexlib_uri9:	22	216.0	0.9257950530035336
Regexlib_uri10:	28	13299.0	0.9333333333333333
Regexlib_uri11:	33	834.0	0.9880597014925373
Regexlib_numbers1:	70	2907.0	0.8983050847457628
Regexlib_numbers2:	11	32.0	0.9615384615384616
Regexlib_numbers3:	15	37.0	1.0
Regexlib_numbers4:	12	27.0	0.9743589743589743
Regexlib_numbers5:	17	87.0	0.981651376146789
Regexlib_numbers6:	31	152.0	0.958041958041958
Regexlib_numbers7:	16	94.0	0.9304347826086956
Regexlib_numbers8:	14	84.0	0.9696969696969697
Regexlib_numbers9:	29	144.0	0.98
Regexlib_numbers10:	35	274.0	0.9712643678160919
Regexlib_numbers11:	27	192.0	0.9830508474576272
Regexlib_numbers12:	19	97.0	0.9375
Regexlib_numbers13:	14	33.0	0.9861111111111112
Regexlib_numbers14:	15	73.0	0.9173553719008265
Regexlib_numbers15:	11	20.0	0.9838709677419355
Regexlib_numbers16:	12	30.0	0.8850574712643678
Regexlib_numbers17:	28	259.0	0.9487179487179487
Regexlib_numbers18:	16	56.0	0.9834710743801653
Regexlib_string1:	21	43.0	0.9797979797979798
Regexlib_string2:	73	453.0	0.9977272727272727
Regexlib_string3:	32	5262.0	0.9714285714285714
Regexlib_string4:	12	36.0	0.9239130434782609
Regexlib_string5:	20	934.0	0.8502994011976048
Regexlib_string6:	70	524.0	1.0
Regexlib_string7:	0	0.0	0.0
Regexlib_string8:	11	100.0	0.9736842105263158
Regexlib_string9:	13	84.0	0.9259259259259259
Regexlib_string10:	19	1156.0	0.9560439560439561
Regexlib_string11:	19	100.0	0.9448818897637795
Regexlib_data_time1:	21	104.0	0.9789473684210527
Regexlib_data_time2:	89	2366.0	0.9969230769230769
Regexlib_data_time3:	52	694.0	0.9497041420118343
Regexlib_data_time4:	51	1646.0	0.93359375
Regexlib_data_time5:	22	76.0	0.9866666666666667
Regexlib_data_time6:	54	370.0	0.9927272727272727
Regexlib_data_time7:	70	352.0	0.99375
Regexlib_data_time8:	80	909.0	0.9965870307167235
Regexlib_data_time9:	35	115.0	0.9898477157360406
Regexlib_data_time10:	18	28.0	1.0
Regexlib_data_time11:	9	7.0	0.9666666666666667
Regexlib_data_time12:	138	2908.0	0.9725557461406518
Regexlib_data_time13:	25	103.0	0.9338842975206612
Regexlib_data_time14:	247	8552.0	0.981018981018981
Regexlib_data_time15:	60	457.0	0.996309963099631
Regexlib_data_time16:	28	47.0	0.9931506849315068
Regexlib_data_time17:	189	5587.0	1.0
Regexlib_data_time18:	21	57.0	0.9886363636363636
Regexlib_data_time19:	22	35.0	0.9747899159663865
Regexlib_data_time20:	22	40.0	0.975
Regexlib_data_time21:	72	660.0	0.9900249376558603
Regexlib_misc1:	57	6186.0	1.0
Regexlib_misc2:	27	240.0	0.966542750929368
Regexlib_misc3:	34	210.0	0.9592592592592593
Regexlib_misc4:	45	155.0	0.988950276243094
Regexlib_misc5:	21	33.0	0.9911504424778761
Regexlib_misc6:	19	48.0	0.9754098360655737
Regexlib_misc7:	75	1041.0	0.9280397022332506
Regexlib_misc8:	19	61.0	0.9492753623188406
Regexlib_misc9:	63	505.0	0.9613259668508287
Regexlib_misc10:	64	321.0	0.9762845849802372
Regexlib_misc11:	12	23.0	0.963855421686747
Regexlib_misc12:	106	589.0	1.0
Regexlib_misc13:	27	156.0	0.9647887323943662
Regexlib_misc14:	22	120.0	0.949748743718593
Regexlib_misc15:	44	6126.0	0.98005698005698
Regexlib_misc16:	67	714.0	0.980225988700565
Regexlib_misc17:	34	361.0	0.9832635983263598
Regexlib_misc18:	19	72.0	0.9269662921348315
Regexlib_misc19:	18	62.0	0.9533333333333334
Regexlib_misc20:	44	238.0	0.9963768115942029
Regexlib_misc21:	53	398.0	0.9725274725274725
Regexlib_misc22:	21	40.0	0.9803921568627451
Regexlib_address_phone1:	46	1459.0	0.9932203389830508
Regexlib_address_phone2:	47	210.0	0.9869565217391304
Regexlib_address_phone3:	44	657.0	0.9887640449438202
Regexlib_address_phone4:	26	87.0	0.9911894273127754
Regexlib_address_phone5:	70	561.0	0.8997613365155132
Regexlib_address_phone6:	46	483.0	0.9791044776119403
Regexlib_address_phone7:	111	2193.0	0.9976190476190476
Regexlib_address_phone8:	31	222.0	0.8617886178861789
Regexlib_address_phone9:	29	67.0	0.9858156028368794
Regexlib_address_phone10:	45	314.0	0.985632183908046
Regexlib_address_phone11:	27	97.0	0.9940476190476191
Regexlib_address_phone12:	14	48.0	0.9591836734693877
Regexlib_address_phone13:	151	918.0	0.9982174688057041
Regexlib_address_phone14:	106	8951.0	0.9960861056751468
Regexlib_address_phone15:	15	38.0	0.9743589743589743
Regexlib_address_phone16:	75	2851.0	0.9974293059125964
Regexlib_markup_code1:	28	137.0	0.9537815126050421
Regexlib_markup_code2:	0	0.0	0.0
Regexlib_markup_code3:	15	67.0	0.944
Regexlib_markup_code4:	16	36.0	0.9519230769230769
Regexlib_markup_code5:	0	0.0	0.0
Regexlib_markup_code6:	17	65.0	0.9513513513513514
Regexlib_markup_code7:	12	26.0	0.9482758620689655
REinfo_numeric_ranges1:	15	24.0	0.9852941176470589
REinfo_numeric_ranges2:	16	36.0	0.9690721649484536
REinfo_numeric_ranges3:	19	34.0	0.9693877551020408
REinfo_numeric_ranges4:	15	12.0	1.0
REinfo_numeric_ranges5:	14	12.0	0.9824561403508771
REinfo_numeric_ranges6:	16	22.0	0.9864864864864865
REinfo_numeric_ranges7:	20	31.0	0.9772727272727273
REinfo_numeric_ranges8:	11	8.0	1.0
REinfo_numeric_ranges9:	17	31.0	0.9767441860465116
REinfo_floating_point_number1:	28	117.0	0.975103734439834
REinfo_email_address1:	27	159.0	0.9961685823754789
REinfo_date1:	43	141.0	0.985781990521327
REinfo_programming1:	3	2.0	0.7777777777777778
Github_python1:	65	441.0	0.9969135802469136
Github_python2:	43	311.0	0.9862385321100917
Github_python3:	218	20306.0	0.9488465396188566
Github_python4:	8	18.0	0.8936170212765957
Github_python5:	0	0.0	0.0
Github_python6:	11	159.0	0.8099547511312217
Github_python7:	0	0.0	0.0
Github_python8:	0	0.0	0.0
Github_python9:	3	130.0	0.028132992327365727
Github_python10:	28	57.0	0.9818181818181818
Github_python11:	51	277.0	0.9851301115241635
Github_python12:	0	0.0	0.0
Github_java1:	11	30.0	0.944954128440367
Github_java3:	27	105.0	0.9651162790697675
Github_java4:	0	0.0	0.0
Github_java5:	23	35.0	0.9705882352941176
Github_java6:	0	0.0	0.0
Github_java7:	24	68.0	0.9878048780487805
tourDeSource1:	2	0.0	1.0
tourDeSource2:	2	1.0	1.0
tourDeSource3:	0	0.0	0.0
tourDeSource4:	1	1.0	1.0
tourDeSource5:	2	1.0	1.0
tourDeSource6:	0	1.0	0.0
tourDeSource7:	2	2.0	0.8333333333333334
tourDeSource8:	3	3.0	0.9285714285714286
tourDeSource9:	4	4.0	0.9
tourDeSource10:	4	8.0	1.0
tourDeSource11:	9	13.0	0.9491525423728814
tourDeSource12:	3	4.0	0.8666666666666667
tourDeSource13:	1	6.0	1.0
tourDeSource14:	14	36.0	0.9532710280373832
tourDeSource15:	0	0.0	0.0
tourDeSource16:	7	12.0	0.95
tourDeSource17:	1	7.0	1.0
tourDeSource18:	7	25.0	1.0
tourDeSource19:	0	0.0	0.0
tourDeSource20:	0	0.0	0.0
tourDeSource21:	9	31.0	0.87
tourDeSource22:	0	0.0	0.0
tourDeSource23:	0	0.0	0.0
tourDeSource24:	8	32.0	0.8666666666666667
tourDeSource25:	0	0.0	0.0
tourDeSource26:	0	0.0	0.0
tourDeSource27:	16	63.0	0.9493670886075949
tourDeSource28:	0	0.0	0.0
tourDeSource29:	7	42.0	0.8333333333333334
tourDeSource30:	0	0.0	0.0
tourDeSource31:	0	0.0	0.0
tourDeSource32:	0	0.0	0.0
tourDeSource33:	8	47.0	0.8773584905660378
tourDeSource34:	5	32.0	0.7941176470588235
tourDeSource35:	14	45.0	0.9240506329113924
tourDeSource36:	0	0.0	0.0
tourDeSource37:	11	63.0	0.8695652173913043
tourDeSource38:	0	0.0	0.0
tourDeSource39:	19	125.0	0.96875
tourDeSource40:	0	0.0	0.0
tourDeSource41:	0	1.0	0.0
tourDeSource42:	0	0.0	0.0
tourDeSource43:	0	0.0	0.0
tourDeSource44:	0	0.0	0.0
tourDeSource45:	0	0.0	0.0
tourDeSource46:	0	0.0	0.0
tourDeSource47:	0	0.0	0.0
tourDeSource48:	30	272.0	0.967741935483871
tourDeSource49:	0	0.0	0.0
tourDeSource50:	0	0.0	0.0
tourDeSource51:	0	0.0	0.0
tourDeSource52:	0	0.0	0.0
tourDeSource53:	0	0.0	0.0
tourDeSource54:	0	0.0	0.0
tourDeSource55:	0	0.0	0.0
tourDeSource56:	0	0.0	0.0
tourDeSource57:	0	0.0	0.0
tourDeSource58:	56	126.0	0.93048128342246
tourDeSource59:	51	358.0	0.9649122807017544
tourDeSource60:	0	0.0	0.0
tourDeSource61:	0	0.0	0.0
tourDeSource62:	2	39.0	1.0
tourDeSource63:	0	0.0	0.0
tourDeSource64:	0	0.0	0.0
tourDeSource65:	0	0.0	0.0
tourDeSource66:	0	0.0	0.0
tourDeSource67:	30	105.0	0.9494949494949495
tourDeSource68:	0	0.0	0.0
tourDeSource69:	0	0.0	0.0
tourDeSource70:	8	83.0	0.048582995951417005
tourDeSource71:	0	0.0	0.0
tourDeSource72:	0	0.0	0.0
tourDeSource73:	54	294.0	0.9713467048710601
tourDeSource74:	45	158.0	0.9924812030075187
tourDeSource75:	49	300.0	0.9774011299435028
tourDeSource76:	63	533.0	0.9841269841269841
tourDeSource77:	0	0.0	0.0
tourDeSource78:	0	0.0	0.0
tourDeSource79:	70	613.0	0.968944099378882
tourDeSource80:	57	380.0	0.9797979797979798
tourDeSource81:	69	561.0	0.978494623655914
tourDeSource82:	0	0.0	0.0
tourDeSource83:	62	420.0	0.9545454545454546
tourDeSource84:	60	256.0	0.98125
tourDeSource85:	57	338.0	0.9783783783783784
tourDeSource86:	94	333.0	0.950381679389313
tourDeSource87:	65	306.0	0.9878787878787879
tourDeSource88:	0	0.0	0.0
tourDeSource89:	66	369.0	0.9775280898876404
tourDeSource90:	69	431.0	0.953125
tourDeSource91:	0	0.0	0.0
tourDeSource92:	0	0.0	0.0
tourDeSource93:	66	442.0	0.9887640449438202
tourDeSource94:	0	0.0	0.0
tourDeSource95:	59	297.0	0.9536423841059603
tourDeSource96:	73	468.0	0.9893048128342246
tourDeSource97:	75	622.0	0.9743589743589743
tourDeSource98:	90	657.0	1.0
tourDeSource99:	0	0.0	0.0
tourDeSource100:	81	714.0	0.9902439024390244
tourDeSource101:	0	0.0	0.0
tourDeSource102:	151	708.0	0.9866310160427807
tourDeSource103:	0	1.0	0.0
tourDeSource104:	92	747.0	0.9866666666666667
tourDeSource105:	11	67.0	0.23478260869565218
tourDeSource106:	0	0.0	0.0
tourDeSource107:	89	1056.0	0.9741379310344828
tourDeSource108:	104	760.0	0.97165991902834
tourDeSource109:	98	676.0	0.9799196787148594
tourDeSource110:	99	1295.0	0.9765625
tourDeSource111:	92	964.0	0.9742489270386266
tourDeSource112:	106	851.0	0.9828767123287672
tourDeSource113:	0	0.0	0.0
tourDeSource114:	121	1031.0	0.9903536977491961
tourDeSource115:	130	1952.0	0.9742765273311897
tourDeSource116:	140	1111.0	0.9939577039274925
tourDeSource117:	365	8869.0	0.9897304236200257
tourDeSource118:	0	0.0	0.0
tourDeSource119:	630	24910.0	0.9942528735632183
