Regexlib_email1:	16	1876.0	0.4943109987357775
Regexlib_email2:	10	391.0	0.6424870466321243
Regexlib_email3:	18	545.0	0.6264775413711584
Regexlib_email4:	24	11001.0	0.4344262295081967
Regexlib_email5:	29	886.0	0.5391432791728212
Regexlib_email6:	19	1671.0	0.5161839863713799
Regexlib_email7:	26	8259.0	0.4
Regexlib_email8:	18	6850.0	0.5161290322580645
Regexlib_uri1:	42	1915.0	0.5116564417177915
Regexlib_uri2:	40	354.0	0.5958429561200924
Regexlib_uri3:	42	412.0	0.6136363636363636
Regexlib_uri4:	22	133.0	0.805921052631579
Regexlib_uri5:	25	144.0	0.742014742014742
Regexlib_uri6:	50	794.0	0.6888045540796964
Regexlib_uri7:	24	42.0	0.7724867724867724
Regexlib_uri8:	29	244.0	0.8317152103559871
Regexlib_uri9:	15	172.0	0.7101449275362319
Regexlib_uri10:	25	33046.0	0.5424528301886793
Regexlib_uri11:	13	260.0	0.6077348066298343
Regexlib_numbers1:	46	928.0	0.5464098073555166
Regexlib_numbers2:	9	10.0	0.9759036144578314
Regexlib_numbers3:	12	7.0	0.9130434782608695
Regexlib_numbers4:	8	6.0	0.9746835443037974
Regexlib_numbers5:	12	11.0	0.8956521739130435
Regexlib_numbers6:	22	30.0	0.6105769230769231
Regexlib_numbers7:	11	28.0	0.7960526315789473
Regexlib_numbers8:	8	16.0	0.888235294117647
Regexlib_numbers9:	21	31.0	0.6987951807228916
Regexlib_numbers10:	22	60.0	0.7186311787072244
Regexlib_numbers11:	19	31.0	0.6204081632653061
Regexlib_numbers12:	15	19.0	0.6790123456790124
Regexlib_numbers13:	11	11.0	0.8526315789473684
Regexlib_numbers14:	16	11.0	0.8264462809917356
Regexlib_numbers15:	10	7.0	0.9506172839506173
Regexlib_numbers16:	9	11.0	0.8859649122807017
Regexlib_numbers17:	20	53.0	0.7038961038961039
Regexlib_numbers18:	15	11.0	0.9439252336448598
Regexlib_string1:	17	16.0	0.9629629629629629
Regexlib_string2:	50	118.0	0.7512953367875648
Regexlib_string3:	25	17046.0	0.6523297491039427
Regexlib_string4:	8	17.0	0.7048192771084337
Regexlib_string5:	14	54.0	0.7627118644067796
Regexlib_string6:	52	148.0	0.8333333333333334
Regexlib_string7:	0	0.0	0.0
Regexlib_string8:	9	12.0	0.6557377049180327
Regexlib_string9:	12	61.0	0.5428571428571428
Regexlib_string10:	13	28.0	0.668918918918919
Regexlib_string11:	16	45.0	0.7475728155339806
Regexlib_data_time1:	19	43.0	0.9369369369369369
Regexlib_data_time2:	66	675.0	0.7595505617977528
Regexlib_data_time3:	34	278.0	0.7451456310679612
Regexlib_data_time4:	42	333.0	0.7484662576687117
Regexlib_data_time5:	20	33.0	0.8765432098765432
Regexlib_data_time6:	35	265.0	0.6886543535620053
Regexlib_data_time7:	47	178.0	0.9230769230769231
Regexlib_data_time8:	59	440.0	0.7745358090185677
Regexlib_data_time9:	23	47.0	0.8638297872340426
Regexlib_data_time10:	15	17.0	0.9243697478991597
Regexlib_data_time11:	11	5.0	0.96
Regexlib_data_time12:	82	1335.0	0.631004366812227
Regexlib_data_time13:	16	25.0	0.725
Regexlib_data_time14:	111	3776.0	0.5190525231719877
Regexlib_data_time15:	34	178.0	0.6797900262467191
Regexlib_data_time16:	22	42.0	0.8268156424581006
Regexlib_data_time17:	138	2197.0	0.5663486556808326
Regexlib_data_time18:	14	15.0	0.8620689655172413
Regexlib_data_time19:	16	15.0	0.9432624113475178
Regexlib_data_time20:	21	25.0	0.896774193548387
Regexlib_data_time21:	46	272.0	0.8804347826086957
Regexlib_misc1:	17	3319.0	0.5289747399702823
Regexlib_misc2:	20	168.0	0.5514018691588785
Regexlib_misc3:	18	200.0	0.6317073170731707
Regexlib_misc4:	32	51.0	0.8141592920353983
Regexlib_misc5:	20	12.0	0.9734513274336283
Regexlib_misc6:	16	28.0	0.9006622516556292
Regexlib_misc7:	66	398.0	0.5867895545314901
Regexlib_misc8:	10	57.0	0.6102564102564103
Regexlib_misc9:	41	184.0	0.8603491271820449
Regexlib_misc10:	30	135.0	0.9285714285714286
Regexlib_misc11:	10	12.0	0.9772727272727273
Regexlib_misc12:	71	188.0	0.8875968992248062
Regexlib_misc13:	13	236.0	0.6126126126126126
Regexlib_misc14:	19	26.0	0.8828828828828829
Regexlib_misc15:	23	3420.0	0.5382262996941896
Regexlib_misc16:	34	162.0	0.6205035971223022
Regexlib_misc17:	20	41.0	0.8452830188679246
Regexlib_misc18:	11	15.0	0.9457831325301205
Regexlib_misc19:	11	50.0	0.6523809523809524
Regexlib_misc20:	26	112.0	0.7054794520547946
Regexlib_misc21:	32	117.0	0.8107476635514018
Regexlib_misc22:	15	14.0	0.9238095238095239
Regexlib_address_phone1:	21	1097.0	0.5849056603773585
Regexlib_address_phone2:	33	67.0	0.6207792207792208
Regexlib_address_phone3:	30	576.0	0.5776255707762558
Regexlib_address_phone4:	21	24.0	0.7614035087719299
Regexlib_address_phone5:	54	182.0	0.5932203389830508
Regexlib_address_phone6:	27	149.0	0.5634782608695652
Regexlib_address_phone7:	53	8251.0	0.5275288092189501
Regexlib_address_phone8:	19	140.0	0.4929906542056075
Regexlib_address_phone9:	27	22.0	0.7159090909090909
Regexlib_address_phone10:	27	132.0	0.5938566552901023
Regexlib_address_phone11:	19	26.0	0.9490445859872612
Regexlib_address_phone12:	12	22.0	0.8787878787878788
Regexlib_address_phone13:	105	320.0	0.919672131147541
Regexlib_address_phone14:	34	26794.0	0.52
Regexlib_address_phone15:	14	10.0	0.797752808988764
Regexlib_address_phone16:	40	1013.0	0.5685131195335277
Regexlib_markup_code1:	14	28.0	0.8612244897959184
Regexlib_markup_code2:	0	0.0	0.0
Regexlib_markup_code3:	12	17.0	0.7542372881355932
Regexlib_markup_code4:	11	11.0	0.7796610169491526
Regexlib_markup_code5:	0	0.0	0.0
Regexlib_markup_code6:	11	21.0	0.8921568627450981
Regexlib_markup_code7:	9	10.0	0.9423076923076923
REinfo_numeric_ranges1:	12	8.0	0.967741935483871
REinfo_numeric_ranges2:	13	10.0	0.9148936170212766
REinfo_numeric_ranges3:	13	12.0	0.9775280898876404
REinfo_numeric_ranges4:	13	9.0	0.9253731343283582
REinfo_numeric_ranges5:	13	6.0	0.9558823529411765
REinfo_numeric_ranges6:	11	6.0	1.0
REinfo_numeric_ranges7:	14	9.0	0.9139784946236559
REinfo_numeric_ranges8:	12	10.0	0.9696969696969697
REinfo_numeric_ranges9:	13	10.0	0.8947368421052632
REinfo_floating_point_number1:	17	32.0	0.9362745098039216
REinfo_email_address1:	16	117.0	0.6781326781326781
REinfo_date1:	28	41.0	0.782608695652174
REinfo_programming1:	2	1.0	0.6666666666666666
Github_python1:	45	114.0	0.7970660146699267
Github_python2:	20	87.0	0.7554744525547445
Github_python3:	96	11173.0	0.4814249363867684
Github_python4:	8	6.0	0.7903225806451613
Github_python5:	0	0.0	0.0
Github_python6:	6	5378.0	0.40664961636828645
Github_python7:	0	0.0	0.0
Github_python8:	0	0.0	0.0
Github_python9:	2	70.0	0.020242914979757085
Github_python10:	19	33.0	0.9122807017543859
Github_python11:	39	97.0	0.6848958333333334
Github_python12:	0	0.0	0.0
Github_java1:	8	7.0	0.9239130434782609
Github_java3:	16	53.0	0.7348837209302326
Github_java4:	0	0.0	0.0
Github_java5:	18	31.0	0.9272727272727272
Github_java6:	0	0.0	0.0
Github_java7:	0	1.0	0.0
tourDeSource1:	2	0.0	1.0
tourDeSource2:	2	1.0	1.0
tourDeSource3:	0	0.0	0.0
tourDeSource4:	2	0.0	1.0
tourDeSource5:	1	1.0	1.0
tourDeSource6:	0	1.0	0.0
tourDeSource7:	2	2.0	0.8333333333333334
tourDeSource8:	3	1.0	0.9166666666666666
tourDeSource9:	4	2.0	0.8235294117647058
tourDeSource10:	2	2.0	1.0
tourDeSource11:	6	6.0	0.8596491228070176
tourDeSource12:	4	3.0	0.8888888888888888
tourDeSource13:	2	2.0	1.0
tourDeSource14:	10	11.0	0.9072164948453608
tourDeSource15:	0	0.0	0.0
tourDeSource16:	6	14.0	0.96
tourDeSource17:	4	4.0	0.7586206896551724
tourDeSource18:	5	12.0	0.6935483870967742
tourDeSource19:	0	0.0	0.0
tourDeSource20:	0	0.0	0.0
tourDeSource21:	7	18.0	0.8691588785046729
tourDeSource22:	0	0.0	0.0
tourDeSource23:	0	0.0	0.0
tourDeSource24:	7	13.0	0.753968253968254
tourDeSource25:	0	1.0	0.0
tourDeSource26:	0	0.0	0.0
tourDeSource27:	14	27.0	0.6510067114093959
tourDeSource28:	0	0.0	0.0
tourDeSource29:	6	12.0	0.5982905982905983
tourDeSource30:	0	0.0	0.0
tourDeSource31:	0	0.0	0.0
tourDeSource32:	0	0.0	0.0
tourDeSource33:	10	16.0	0.7166666666666667
tourDeSource34:	5	11.0	0.5849056603773585
tourDeSource35:	9	16.0	0.77
tourDeSource36:	0	0.0	0.0
tourDeSource37:	9	16.0	0.7606837606837606
tourDeSource38:	0	0.0	0.0
tourDeSource39:	14	274.0	0.5214723926380368
tourDeSource40:	0	1.0	0.0
tourDeSource41:	0	0.0	0.0
tourDeSource42:	0	0.0	0.0
tourDeSource43:	0	0.0	0.0
tourDeSource44:	0	0.0	0.0
tourDeSource45:	0	0.0	0.0
tourDeSource46:	0	0.0	0.0
tourDeSource47:	0	0.0	0.0
tourDeSource48:	30	71.0	0.5776566757493188
tourDeSource49:	0	0.0	0.0
tourDeSource50:	0	0.0	0.0
tourDeSource51:	0	0.0	0.0
tourDeSource52:	0	0.0	0.0
tourDeSource53:	0	0.0	0.0
tourDeSource54:	0	0.0	0.0
tourDeSource55:	0	0.0	0.0
tourDeSource56:	0	0.0	0.0
tourDeSource57:	0	0.0	0.0
tourDeSource58:	57	44.0	0.7702702702702703
tourDeSource59:	44	145.0	0.6005154639175257
tourDeSource60:	0	0.0	0.0
tourDeSource61:	0	0.0	0.0
tourDeSource62:	4	19.0	1.0
tourDeSource63:	0	0.0	0.0
tourDeSource64:	0	0.0	0.0
tourDeSource65:	0	0.0	0.0
tourDeSource66:	0	0.0	0.0
tourDeSource67:	27	43.0	0.6418918918918919
tourDeSource68:	0	0.0	0.0
tourDeSource69:	0	0.0	0.0
tourDeSource70:	7	34.0	0.044444444444444446
tourDeSource71:	0	0.0	0.0
tourDeSource72:	0	0.0	0.0
tourDeSource73:	29	138.0	0.8496420047732697
tourDeSource74:	47	56.0	0.7417582417582418
tourDeSource75:	28	141.0	0.6375227686703097
tourDeSource76:	61	145.0	0.746938775510204
tourDeSource77:	0	0.0	0.0
tourDeSource78:	0	0.0	0.0
tourDeSource79:	69	204.0	0.7560975609756098
tourDeSource80:	55	136.0	0.76171875
tourDeSource81:	71	171.0	0.7301587301587301
tourDeSource82:	0	0.0	0.0
tourDeSource83:	58	214.0	0.7148936170212766
tourDeSource84:	55	90.0	0.7004405286343612
tourDeSource85:	56	107.0	0.7307692307692307
tourDeSource86:	92	115.0	0.8095238095238095
tourDeSource87:	58	115.0	0.6820083682008368
tourDeSource88:	0	0.0	0.0
tourDeSource89:	63	120.0	0.6268115942028986
tourDeSource90:	66	142.0	0.763265306122449
tourDeSource91:	0	0.0	0.0
tourDeSource92:	0	0.0	0.0
tourDeSource93:	65	144.0	0.7575757575757576
tourDeSource94:	0	0.0	0.0
tourDeSource95:	57	179.0	0.7880434782608695
tourDeSource96:	67	160.0	0.7966101694915254
tourDeSource97:	72	213.0	0.7991967871485943
tourDeSource98:	88	252.0	0.8298755186721992
tourDeSource99:	0	0.0	0.0
tourDeSource100:	79	261.0	0.5613079019073569
tourDeSource101:	0	0.0	0.0
tourDeSource102:	149	263.0	0.8129032258064516
tourDeSource103:	0	0.0	0.0
tourDeSource104:	87	321.0	0.6005434782608695
tourDeSource105:	11	26.0	0.28846153846153844
tourDeSource106:	0	0.0	0.0
tourDeSource107:	86	369.0	0.7647058823529411
tourDeSource108:	97	293.0	0.753125
tourDeSource109:	94	290.0	0.607940446650124
tourDeSource110:	98	494.0	0.6018957345971564
tourDeSource111:	91	353.0	0.7952218430034129
tourDeSource112:	105	394.0	0.545631067961165
tourDeSource113:	0	0.0	0.0
tourDeSource114:	120	507.0	0.7427184466019418
tourDeSource115:	130	752.0	0.5688073394495413
tourDeSource116:	141	448.0	0.6673553719008265
tourDeSource117:	360	5015.0	0.5164539959704499
tourDeSource118:	0	1.0	0.0
tourDeSource119:	630	17059.0	0.5069750367107195
